$SPEC_ID:
No sample description was entered.
$SPEC_REM:
DET# 1
DETDESC# Easy-MCA 2k Ser:11231610
AP# Maestro Version 7.01
$DATE_MEA:
05/05/2023 11:44:49
$MEAS_TIM:
3838 3854
$DATA:
0 2047
       0
       0
       0
       0
       0
       0
       0
       0
       0
       0
       0
       0
       0
       0
       0
       0
       0
       0
       0
       0
       0
       0
       0
       0
       0
       0
       0
       0
       0
       1
     205
    2067
    2213
    2282
    2324
    2288
    2317
    2310
    2296
    2222
    2283
    2317
    2262
    2368
    2321
    2327
    2411
    2298
    2429
    2437
    2431
    2679
    2887
    3125
    3569
    3696
    4061
    4160
    4165
    3971
    3756
    3614
    3600
    3639
    3742
    3917
    3754
    3790
    3647
    3452
    3287
    3103
    2996
    2909
    2876
    2809
    2878
    2803
    2744
    2744
    2777
    2683
    2727
    2724
    2682
    2887
    2860
    2904
    2859
    2909
    2937
    2916
    3145
    2960
    3160
    3170
    3126
    3261
    3164
    3204
    3299
    3251
    3217
    3272
    3317
    3372
    3360
    3336
    3462
    3443
    3434
    3504
    3457
    3576
    3560
    3594
    3547
    3582
    3647
    3702
    3651
    3659
    3625
    3655
    3636
    3699
    3641
    3784
    3677
    3648
    3746
    3729
    3765
    3848
    3838
    3661
    3686
    3787
    3815
    3936
    3871
    3990
    3914
    4135
    4074
    4055
    4136
    4115
    4245
    4239
    4299
    4449
    4509
    4513
    4524
    4653
    4614
    4600
    4922
    4677
    4796
    4787
    5050
    4843
    4798
    4992
    5032
    4983
    5045
    4883
    4864
    4999
    4947
    4901
    4880
    4820
    4792
    4814
    4832
    4767
    4761
    4689
    4849
    4461
    4528
    4526
    4661
    4494
    4418
    4441
    4497
    4384
    4350
    4283
    4310
    4338
    4305
    4349
    4225
    4187
    4231
    4214
    4196
    4171
    4116
    4051
    4128
    4056
    4011
    3930
    3997
    3988
    3978
    3813
    3910
    3734
    3915
    3858
    3790
    3827
    3776
    3623
    3636
    3673
    3572
    3668
    3586
    3646
    3564
    3602
    3569
    3571
    3579
    3514
    3478
    3410
    3449
    3471
    3370
    3391
    3461
    3322
    3371
    3310
    3296
    3246
    3322
    3305
    3154
    3304
    3268
    3247
    3235
    3238
    3156
    3167
    3214
    3062
    3081
    3124
    3120
    3080
    3084
    2995
    3102
    2998
    3075
    3040
    3026
    3086
    2906
    2963
    2921
    2932
    3084
    2943
    2895
    2891
    2852
    2896
    2899
    2847
    2974
    2858
    2883
    2856
    2785
    2871
    2795
    2843
    2828
    2940
    2872
    2769
    2738
    2821
    2822
    2630
    2823
    2669
    2744
    2700
    2650
    2767
    2772
    2686
    2670
    2639
    2705
    2721
    2619
    2602
    2618
    2599
    2632
    2615
    2474
    2598
    2576
    2659
    2653
    2584
    2655
    2646
    2546
    2658
    2631
    2590
    2542
    2570
    2483
    2596
    2596
    2498
    2575
    2529
    2499
    2476
    2601
    2548
    2569
    2586
    2453
    2538
    2484
    2562
    2530
    2527
    2528
    2469
    2523
    2407
    2548
    2516
    2473
    2538
    2510
    2429
    2425
    2484
    2462
    2343
    2435
    2410
    2378
    2374
    2428
    2412
    2347
    2327
    2344
    2233
    2164
    2253
    2299
    2306
    2257
    2208
    2285
    2411
    2307
    2285
    2303
    2207
    2255
    2169
    2174
    2311
    2219
    2229
    2288
    2214
    2262
    2235
    2081
    2192
    2151
    2136
    2200
    2232
    2170
    2134
    2169
    2175
    2187
    2184
    2248
    2128
    2232
    2166
    2178
    2197
    2085
    2142
    2072
    2136
    1999
    2129
    2130
    2156
    2127
    2130
    2126
    2127
    2146
    2128
    2071
    2051
    2222
    2144
    2069
    2139
    2053
    2136
    2138
    2147
    2066
    2196
    2130
    2049
    2157
    2129
    2138
    2168
    2088
    2141
    2191
    2086
    2179
    2083
    2165
    2121
    2037
    2151
    2070
    2010
    2162
    2121
    2133
    2107
    2068
    1993
    2140
    2041
    2145
    2022
    2028
    2039
    2082
    2029
    2111
    2006
    2078
    2087
    2068
    2104
    2056
    2047
    2026
    2083
    2049
    2061
    2112
    2099
    2064
    2066
    2098
    2104
    2119
    2126
    2071
    2044
    2051
    1997
    2090
    2024
    2004
    2055
    2017
    2139
    2130
    2069
    2115
    2064
    2008
    2149
    2062
    2061
    2115
    2012
    2117
    2052
    2122
    2093
    2079
    1993
    2119
    2120
    2104
    2061
    2079
    2103
    2135
    2123
    2103
    2089
    2073
    2184
    2178
    2046
    2118
    2177
    2203
    2183
    2214
    2195
    2186
    2117
    2090
    2188
    2153
    2154
    2177
    2121
    2203
    2238
    2185
    2197
    2189
    2181
    2149
    2201
    2267
    2246
    2163
    2206
    2268
    2269
    2189
    2303
    2211
    2173
    2272
    2221
    2238
    2284
    2214
    2298
    2345
    2296
    2285
    2276
    2253
    2261
    2237
    2174
    2204
    2292
    2260
    2328
    2313
    2242
    2271
    2280
    2334
    2262
    2252
    2225
    2269
    2306
    2310
    2310
    2272
    2271
    2352
    2337
    2260
    2252
    2201
    2345
    2224
    2307
    2309
    2332
    2323
    2312
    2340
    2239
    2273
    2251
    2199
    2286
    2312
    2315
    2199
    2225
    2174
    2219
    2239
    2265
    2110
    2184
    2153
    2129
    2132
    2071
    2130
    2162
    2110
    2103
    2056
    2035
    2040
    1979
    1995
    1916
    1938
    1962
    1958
    1977
    1804
    1914
    1828
    1919
    1868
    1809
    1867
    1833
    1851
    1787
    1771
    1710
    1806
    1751
    1721
    1682
    1691
    1726
    1720
    1702
    1656
    1683
    1623
    1657
    1637
    1740
    1591
    1669
    1603
    1589
    1601
    1592
    1561
    1582
    1559
    1594
    1607
    1574
    1553
    1543
    1580
    1544
    1559
    1553
    1521
    1540
    1540
    1515
    1611
    1494
    1519
    1466
    1478
    1514
    1457
    1476
    1474
    1502
    1509
    1504
    1501
    1493
    1469
    1443
    1501
    1445
    1423
    1464
    1413
    1481
    1415
    1452
    1421
    1388
    1366
    1460
    1497
    1507
    1467
    1449
    1510
    1544
    1482
    1502
    1569
    1478
    1636
    1562
    1695
    1691
    1776
    1736
    1783
    1825
    1877
    1919
    1980
    2110
    2238
    2308
    2368
    2461
    2597
    2798
    2793
    3000
    3069
    3226
    3413
    3461
    3705
    3819
    3815
    3948
    4291
    4586
    4509
    4858
    4913
    5137
    5245
    5525
    5625
    5771
    5785
    6012
    6086
    6242
    6195
    6291
    6360
    6634
    6638
    6559
    6520
    6443
    6385
    6405
    6446
    6380
    6411
    6142
    6170
    5941
    5845
    5612
    5467
    5300
    5232
    5063
    4900
    4686
    4476
    4419
    4156
    3963
    3777
    3559
    3427
    3343
    3062
    2866
    2776
    2513
    2453
    2432
    2246
    2074
    1948
    1749
    1692
    1701
    1520
    1462
    1444
    1343
    1276
    1223
    1194
    1171
    1202
    1047
    1098
    1146
    1079
    1135
    1086
    1095
    1141
    1147
    1233
    1208
    1290
    1284
    1398
    1434
    1505
    1518
    1623
    1775
    1896
    1938
    2084
    2131
    2125
    2369
    2447
    2515
    2726
    2766
    2942
    2952
    3229
    3293
    3489
    3500
    3805
    3868
    3978
    4008
    4289
    4467
    4460
    4564
    4780
    4888
    4862
    4903
    4953
    5188
    5151
    5237
    5216
    5219
    5393
    5409
    5412
    5260
    5329
    5175
    5153
    5203
    5074
    4956
    4879
    4875
    4691
    4683
    4286
    4392
    4253
    4139
    3932
    3847
    3728
    3496
    3485
    3214
    3050
    2966
    2741
    2702
    2589
    2328
    2270
    2191
    1965
    1901
    1804
    1756
    1541
    1451
    1437
    1273
    1228
    1161
    1006
     956
     922
     880
     784
     738
     688
     679
     595
     582
     513
     532
     519
     440
     457
     420
     373
     369
     356
     329
     360
     324
     333
     326
     259
     292
     281
     300
     249
     258
     268
     276
     256
     244
     287
     264
     259
     267
     257
     254
     259
     261
     244
     274
     271
     262
     265
     238
     242
     234
     258
     245
     217
     246
     245
     225
     275
     234
     258
     227
     264
     224
     250
     248
     238
     237
     234
     258
     231
     223
     263
     239
     281
     230
     228
     197
     201
     199
     204
     206
     233
     201
     226
     234
     216
     209
     190
     204
     182
     194
     188
     203
     172
     182
     208
     174
     161
     159
     161
     158
     140
     162
     152
     164
     139
     163
     141
     178
     157
     123
     128
     156
     143
     138
     118
     130
     100
     131
     142
     109
     114
     110
     134
     125
     139
     115
     120
     109
     127
     124
     111
     102
     116
      95
     106
     102
      80
      98
      98
     104
      97
      89
     108
      98
      96
      92
      99
      98
      97
      80
      95
      84
      90
      75
      72
      92
      90
      64
      79
      66
      88
      79
      91
      76
      81
      77
      71
      94
      80
      88
      87
      91
      80
      79
      72
      80
      89
      91
      79
      68
      78
      76
      65
      72
      90
      81
      80
      75
      83
      91
      64
      72
      71
      70
      65
      72
      76
      72
      79
      70
      65
      64
      59
      73
      75
      76
      71
      77
      76
      89
      76
      77
      71
      55
      79
      83
      75
      79
      72
      66
      70
      82
      68
      53
      89
      72
      67
      46
      82
      55
      83
      70
      59
      60
      68
      55
      74
      76
      73
      77
      71
      72
      53
      73
      64
      60
      69
      65
      65
      59
      66
      61
      57
      66
      78
      49
      66
      60
      47
      66
      54
      54
      71
      55
      72
      56
      58
      65
      65
      64
      65
      59
      63
      57
      74
      56
      61
      65
      72
      61
      62
      79
      66
      58
      47
      50
      62
      57
      61
      52
      49
      53
      55
      47
      66
      52
      58
      50
      60
      51
      52
      30
      52
      61
      60
      49
      49
      43
      57
      52
      66
      56
      67
      59
      56
      57
      45
      49
      40
      45
      64
      43
      61
      58
      47
      42
      62
      46
      55
      54
      49
      60
      54
      50
      47
      54
      62
      51
      48
      62
      54
      59
      57
      65
      43
      51
      45
      42
      57
      49
      67
      62
      41
      49
      36
      44
      39
      58
      44
      62
      63
      57
      53
      50
      58
      52
      56
      43
      50
      51
      53
      38
      46
      32
      47
      50
      34
      47
      46
      45
      41
      49
      45
      52
      46
      52
      42
      32
      43
      45
      42
      48
      53
      45
      55
      45
      52
      42
      57
      50
      48
      52
      44
      43
      58
      53
      37
      50
      52
      51
      43
      57
      48
      46
      41
      49
      42
      45
      41
      37
      36
      33
      45
      55
      47
      48
      51
      39
      33
      39
      43
      41
      40
      51
      35
      48
      39
      40
      48
      38
      44
      40
      44
      45
      40
      36
      37
      36
      48
      51
      52
      41
      52
      50
      35
      41
      31
      30
      50
      42
      41
      55
      43
      45
      31
      36
      47
      38
      46
      47
      37
      49
      47
      61
      36
      37
      54
      51
      47
      23
      37
      50
      35
      44
      32
      40
      35
      40
      43
      38
      48
      40
      43
      36
      50
      36
      46
      33
      48
      42
      35
      48
      46
      46
      40
      44
      55
      42
      48
      45
      56
      42
      36
      58
      56
      41
      59
      47
      45
      42
      40
      45
      65
      46
      48
      40
      44
      33
      42
      41
      47
      50
      38
      50
      40
      46
      48
      44
      49
      45
      52
      38
      41
      46
      43
      42
      47
      37
      47
      35
      54
      35
      32
      35
      34
      39
      36
      38
      42
      47
      45
      31
      39
      44
      30
      40
      34
      30
      43
      41
      28
      31
      44
      30
      42
      34
      18
      36
      27
      24
      39
      30
      33
      32
      37
      31
      20
      27
      32
      26
      24
      39
      29
      27
      27
      24
      28
      20
      23
      21
      18
      22
      22
      21
      19
      26
      21
      15
      27
      19
      22
      13
      20
      27
      20
      18
      12
      23
      29
      15
      19
      17
      20
      12
      20
      15
      19
       8
      14
      17
      19
      25
      21
      16
       8
      23
      12
      18
      15
      17
      13
      16
       9
      12
      14
      19
      23
      13
      15
      15
      15
      23
      21
      13
      14
      22
      15
      27
      27
      19
      24
      28
      19
      19
      14
      16
      22
      17
      21
      22
      20
      33
      34
      27
      33
      28
      25
      30
      32
      31
      36
      32
      40
      39
      41
      53
      42
      51
      41
      52
      45
      57
      67
      65
      65
      47
      63
      50
      61
      55
      64
      69
      43
      60
      64
      66
      72
      67
      70
      65
      63
      70
      53
      82
      80
      66
      71
      75
      78
      55
      70
      81
      76
      68
      61
      67
      75
      59
      78
      68
      69
      67
      61
      71
      68
      60
      60
      70
      60
      57
      68
      55
      61
      36
      53
      53
      35
      46
      55
      52
      39
      40
      39
      43
      46
      40
      36
      26
      26
      33
      44
      38
      32
      26
      31
      23
      27
      27
      26
      18
      17
      19
      20
      20
      14
      13
      15
      18
      14
      12
      16
      13
      18
      10
       7
      12
      17
      14
      12
      15
      10
      14
       8
       6
      14
       7
       6
       9
       4
      12
       5
      10
       9
       3
       7
       5
       6
       5
       9
       2
       9
       4
       4
       6
       5
       3
       3
       5
       5
       6
       4
       3
       2
       5
       4
       3
       1
       3
       9
       2
       4
       2
       2
       1
       2
       1
       1
       2
       2
       1
       4
       2
       3
       2
       5
       4
       1
       2
       3
       2
       7
       5
       3
       2
       1
       1
       4
       2
       2
       2
       1
       1
       1
       1
       1
       2
       3
       4
       1
       4
       2
       3
       0
       3
       2
       2
       4
       4
       2
       4
       3
       5
       1
       3
       3
       1
       0
       2
       4
       1
       0
       2
       1
       4
       1
       2
       2
       1
       3
       0
       3
       0
       0
       2
       3
       0
       2
       3
       0
       6
       6
       4
       3
       3
       2
       4
       4
       3
       1
       3
       5
       5
       6
       1
       2
       2
       1
       4
       3
       0
       2
       1
       2
       3
       5
       3
       0
       1
       1
       3
       2
       2
       1
       2
       2
       5
       3
       0
       0
       2
       2
       0
       7
       3
       2
       6
       1
       3
       2
       0
       2
       2
       2
       0
       4
       4
       0
       1
       0
       0
       2
       0
       5
       2
       1
       1
       2
       2
       3
       1
       2
       3
       3
       4
       1
       2
       3
       3
       2
       2
       1
       2
       3
       4
       3
       3
       0
       0
       2
       3
       1
       2
       1
       1
       3
       0
       0
       0
       3
       4
       5
       1
       0
       2
       1
       1
       1
       1
       1
       1
       0
       3
       2
       3
       1
       0
       2
       0
       1
       1
       0
       4
       1
       4
       0
       2
       0
       0
       0
       1
       0
       0
       0
       0
       0
       0
       0
       0
       0
       0
       0
       0
       0
       0
       0
       0
       0
       0
       0
       0
       0
       0
       0
       0
       0
       0
       0
       0
       0
       0
       0
       0
       0
       0
       0
       0
       0
       0
       0
       0
       0
       0
       0
       0
       0
       0
       0
       0
       0
       0
       0
       0
       0
       0
       0
       0
       0
       0
       0
       0
       0
       0
       0
       0
       0
       0
       0
       0
       0
       0
       0
       0
       0
       0
       0
       0
       0
       0
       0
       0
       0
       0
       0
       0
       0
       0
       0
       0
       0
       0
       0
       0
$ROI:
0
$PRESETS:
None
0
0
$ENER_FIT:
-25.254362 1.549597
$MCA_CAL:
3
-2.525436E+001 1.549597E+000 0.000000E+000 keV
$SHAPE_CAL:
3
4.043517E+001 -6.689760E-004 0.000000E+000
