$SPEC_ID:
No sample description was entered.
$SPEC_REM:
DET# 1
DETDESC# KFLABB4 Easy-MCA-8k SN 09022236
AP# Maestro Version 6.08
$DATE_MEA:
05/05/2023 14:16:47
$MEAS_TIM:
1354 1454
$DATA:
0 8191
       0
       0
       0
       0
       0
       0
       0
       0
       0
       0
       0
       0
       0
       0
       0
       0
       0
       1
       0
       0
       0
       1
       1
      22
     105
     601
    3683
   35991
  171538
  335237
  320129
  154477
   46432
   13754
    7297
    8894
   11758
   14037
   14638
   15162
   15251
   14004
   11182
    7943
    6639
    6003
   20899
   29059
   15887
   13910
   13206
   13087
   13403
   13942
   13866
   14337
   14488
   14683
   15105
   15153
   14899
   14282
   13550
   12384
   11756
   10844
    9917
    9171
    8366
    8143
    7981
    7698
    7756
    7676
    7464
    7362
    7327
    7144
    7119
    7154
    6852
    6962
    6836
    6769
    6901
    7132
    7410
    7624
    7983
    7729
    7452
    7119
    6865
    6817
    6746
    6785
    6966
    6921
    6715
    6623
    6597
    6497
    6407
    6493
    6458
    6441
    6356
    6434
    6478
    6583
    6538
    6523
    6541
    6648
    6656
    6763
    6667
    6922
    6760
    6560
    6644
    6827
    6766
    6923
    6672
    6534
    6667
    6722
    6525
    6726
    6766
    6684
    6851
    6676
    6851
    6958
    6987
    7064
    7095
    7129
    7189
    7222
    7201
    7488
    8284
    9653
   11120
   12508
   12646
   11444
    9800
    8484
    7894
    7814
    8028
    8107
    8478
    8384
    8459
    8290
    8088
    8284
    8423
    9044
    9945
   10332
   10296
    9675
    8970
    8535
    8172
    8139
    8135
    8390
    8520
    8648
    8803
    9104
    9322
    9355
    9612
   10056
   10121
   10116
   10218
   10471
   10984
   11170
   12742
   14860
   18784
   22742
   24667
   23582
   19661
   15889
   13579
   12622
   12217
   11979
   12316
   12813
   13502
   13961
   14375
   14044
   13785
   13652
   13425
   13461
   13846
   14347
   15117
   16779
   19484
   24657
   31342
   36064
   37690
   38018
   42226
   53634
   67368
   73813
   67455
   54366
   46462
   47763
   53487
   54327
   46592
   34174
   24552
   19183
   17440
   17121
   16842
   16448
   16657
   16862
   16424
   15275
   14919
   15228
   17334
   21133
   25540
   29255
   31812
   31510
   28535
   24566
   22282
   22939
   26411
   29894
   30134
   27471
   22326
   18472
   16680
   16725
   17570
   17566
   16634
   16196
   17133
   21656
   28497
   35438
   38551
   36788
   32738
   31185
   33430
   35085
   33079
   27280
   19771
   14846
   13342
   14398
   19496
   28239
   38484
   45050
   43276
   34422
   23254
   15441
   10996
    9193
    8457
    8477
    8346
    8515
    8370
    8445
    8429
    8170
    8504
    8516
    8653
    8646
    8805
    8634
    8548
    8362
    8528
    8480
    8627
    8945
    9122
   10031
   10898
   12482
   14484
   16846
   18909
   19928
   19114
   16925
   14612
   12531
   11560
   11289
   11313
   12233
   12460
   12061
   11096
   10047
    8778
    8202
    7538
    7335
    7473
    7409
    7303
    7168
    7424
    7239
    7180
    7343
    7452
    7461
    7684
    7592
    7651
    7701
    7589
    7565
    7388
    7348
    7355
    7390
    7477
    7625
    7508
    7499
    7642
    7634
    7589
    7652
    7436
    7724
    7604
    7659
    7754
    7723
    7676
    7862
    7821
    7712
    7854
    7771
    7755
    7940
    7842
    7815
    7849
    7894
    7927
    7968
    7890
    7937
    8077
    8032
    8058
    7957
    8063
    8026
    8185
    8316
    7916
    8238
    8404
    8248
    8205
    8152
    8252
    8413
    8756
    9492
   10343
   11354
   11813
   11361
   10458
    9557
    8829
    8545
    8290
    8386
    8382
    8243
    8441
    8543
    8470
    8479
    8556
    8620
    8575
    8616
    8763
    8788
    8624
    8703
    8882
    8840
    9085
    9499
    9649
   10094
    9987
    9619
    9293
    8849
    8730
    8604
    8671
    8754
    8711
    8578
    8683
    8566
    8580
    8446
    8411
    8301
    8188
    8287
    8099
    8266
    8400
    8658
    8813
    9237
    9309
    8907
    8767
    8223
    8022
    8071
    7822
    7917
    7949
    7918
    7931
    7786
    7906
    7885
    7717
    7788
    7908
    7939
    8003
    7831
    7938
    7866
    7664
    7631
    7660
    7659
    7682
    7712
    7617
    7609
    7576
    7731
    7733
    7613
    7687
    7508
    7726
    7756
    7745
    7751
    7560
    7546
    7524
    7643
    7687
    7651
    7748
    7803
    7690
    7828
    7852
    7764
    7895
    8014
    9113
   10661
   14511
   21160
   28524
   34864
   35624
   31078
   22927
   15440
   10816
    8626
    7786
    7388
    7226
    7178
    7214
    7242
    7243
    7248
    7230
    7279
    7438
    7234
    7188
    7131
    7325
    7197
    7266
    7330
    7366
    7306
    7349
    7395
    7313
    7120
    7103
    7244
    7057
    6882
    6946
    7066
    6849
    6750
    6992
    6889
    7038
    6885
    6944
    6962
    6841
    6629
    6761
    6803
    6903
    7239
    7249
    7375
    7293
    6856
    6489
    6218
    6187
    6110
    6026
    5991
    6006
    6062
    5862
    6025
    6087
    6033
    5918
    5835
    5915
    5879
    5826
    5820
    5727
    5742
    5722
    5680
    5596
    5669
    5565
    5601
    5620
    5638
    5469
    5500
    5402
    5643
    5598
    5554
    5585
    5374
    5565
    5521
    5527
    5473
    5454
    5178
    5350
    5442
    5250
    5406
    5356
    5269
    5262
    5189
    5266
    5194
    5230
    5351
    5380
    5140
    5322
    5241
    5305
    5249
    5221
    5128
    5126
    5055
    5134
    5139
    5016
    5059
    5115
    4931
    4987
    5028
    5157
    5139
    5364
    5839
    6403
    6872
    7267
    7104
    6412
    5743
    5344
    5237
    5356
    5401
    5298
    5233
    5632
    6541
    8727
   13490
   19543
   24976
   27368
   24855
   18460
   12102
    7776
    5677
    4852
    4629
    4423
    4502
    4331
    4362
    4251
    4378
    4341
    4436
    4285
    4388
    4306
    4350
    4309
    4348
    4331
    4364
    4360
    4289
    4226
    4382
    4276
    4139
    4226
    4269
    4351
    4393
    4383
    4800
    4984
    5196
    5247
    5176
    4860
    4949
    5049
    5484
    5797
    5774
    5368
    4833
    4381
    4170
    4071
    3995
    3925
    4000
    3912
    3848
    3852
    3873
    3886
    3853
    3929
    3795
    3884
    3758
    3853
    3861
    3730
    3911
    4041
    4379
    4900
    5413
    6014
    6196
    6214
    5964
    5629
    5708
    5562
    5093
    4661
    4155
    4159
    4319
    4490
    4699
    4793
    4654
    4504
    4205
    3828
    3605
    3590
    3612
    3630
    3443
    3499
    3510
    3518
    3534
    3473
    3593
    3685
    3695
    3612
    3646
    3614
    3584
    3630
    3685
    3782
    3763
    3703
    3604
    3552
    3724
    3873
    3651
    3675
    3486
    3309
    3523
    3384
    3486
    3381
    3361
    3346
    3306
    3260
    3348
    3377
    3321
    3401
    3600
    3981
    5158
    7760
   13856
   23967
   36632
   47725
   50828
   43958
   31103
   18252
    9642
    5472
    3855
    3247
    3286
    3274
    3376
    3504
    3762
    3645
    3539
    3414
    3255
    3106
    3399
    3357
    3381
    3415
    3156
    3257
    3296
    3174
    3082
    3070
    2960
    2920
    2947
    2804
    2882
    2835
    2927
    2836
    2817
    2898
    2985
    2903
    2827
    2863
    2915
    2908
    3003
    2828
    2922
    3124
    3025
    2994
    3136
    3061
    2987
    3064
    2842
    2802
    2726
    2880
    2791
    2870
    2712
    2737
    2762
    2744
    2757
    2825
    2686
    2721
    2742
    2730
    2790
    2839
    2821
    2972
    3106
    3239
    3321
    3235
    2994
    2899
    2747
    2723
    2769
    2629
    2688
    2689
    2735
    2808
    2929
    3020
    3039
    3163
    3125
    3073
    2911
    2687
    2840
    2810
    2772
    2781
    2797
    2929
    2899
    2802
    2836
    2724
    2813
    2604
    2678
    2745
    2766
    2964
    2947
    3113
    3006
    2912
    2784
    2749
    2631
    2516
    2678
    2627
    2664
    2693
    2661
    2678
    2726
    2601
    2565
    2507
    2653
    2524
    2650
    2491
    2578
    2625
    2586
    2525
    2614
    2727
    2872
    2990
    3379
    4342
    6745
   11984
   22433
   38672
   58996
   75562
   80270
   69001
   48646
   28009
   13603
    6577
    3642
    2809
    2415
    2379
    2348
    2316
    2432
    2395
    2254
    2338
    2303
    2292
    2235
    2306
    2214
    2202
    2424
    2210
    2242
    2288
    2172
    2337
    2271
    2262
    2298
    2214
    2256
    2277
    2207
    2175
    2199
    2259
    2303
    2265
    2227
    2260
    2245
    2233
    2166
    2161
    2214
    2261
    2230
    2222
    2277
    2154
    2350
    2219
    2311
    2304
    2242
    2159
    2222
    2126
    2193
    2176
    2221
    2251
    2173
    2242
    2197
    2182
    2207
    2234
    2207
    2279
    2293
    2243
    2186
    2311
    2228
    2244
    2270
    2261
    2306
    2101
    2271
    2349
    2219
    2235
    2207
    2218
    2356
    2474
    2621
    2750
    2754
    2822
    2791
    2767
    2941
    2973
    2969
    2772
    2647
    2432
    2344
    2237
    2194
    2288
    2293
    2176
    2202
    2209
    2292
    2282
    2332
    2267
    2358
    2273
    2286
    2313
    2274
    2190
    2277
    2299
    2264
    2288
    2192
    2212
    2286
    2298
    2419
    2526
    2800
    2914
    2992
    2804
    2658
    2496
    2496
    2492
    2620
    2825
    2820
    2941
    2864
    2681
    2577
    2411
    2285
    2289
    2297
    2270
    2271
    2272
    2283
    2293
    2250
    2309
    2290
    2174
    2403
    2279
    2299
    2345
    2299
    2345
    2238
    2272
    2393
    2244
    2309
    2300
    2250
    2309
    2195
    2257
    2253
    2416
    2384
    2279
    2353
    2314
    2238
    2204
    2329
    2269
    2244
    2300
    2337
    2290
    2337
    2178
    2198
    2192
    2228
    2228
    2146
    2167
    2226
    2302
    2318
    2342
    2293
    2239
    2143
    2045
    2097
    1972
    1873
    1815
    1868
    1805
    1809
    1777
    1771
    1689
    1720
    1788
    1740
    1770
    1715
    1711
    1674
    1773
    1706
    1666
    1755
    1701
    1671
    1703
    1617
    1653
    1597
    1654
    1570
    1620
    1622
    1586
    1561
    1605
    1637
    1574
    1575
    1613
    1568
    1647
    1577
    1614
    1695
    1576
    1602
    1536
    1603
    1565
    1543
    1512
    1519
    1453
    1466
    1475
    1474
    1458
    1511
    1467
    1487
    1539
    1449
    1454
    1468
    1611
    1624
    1645
    1755
    1806
    1873
    1791
    1642
    1573
    1540
    1463
    1402
    1383
    1410
    1395
    1406
    1439
    1403
    1453
    1472
    1483
    1578
    1634
    1755
    1666
    1630
    1624
    1494
    1558
    1377
    1338
    1368
    1353
    1323
    1307
    1375
    1326
    1369
    1384
    1374
    1417
    1350
    1407
    1458
    1605
    1577
    1448
    1394
    1424
    1357
    1296
    1352
    1181
    1285
    1366
    1401
    1422
    1385
    1382
    1342
    1316
    1252
    1239
    1235
    1276
    1250
    1276
    1284
    1246
    1338
    1424
    1603
    1744
    1697
    1648
    1486
    1384
    1297
    1260
    1202
    1144
    1167
    1205
    1269
    1240
    1210
    1302
    1452
    1528
    1604
    1735
    1671
    1596
    1501
    1304
    1196
    1214
    1120
    1113
    1120
    1126
    1152
    1101
    1119
    1129
    1124
    1141
    1125
    1097
    1117
    1179
    1113
    1154
    1142
    1065
    1093
    1091
    1115
    1105
    1080
    1106
    1075
    1065
    1043
    1073
    1064
    1019
    1056
    1135
    1093
    1102
    1083
    1027
    1102
    1011
    1004
    1068
     990
    1010
    1050
    1041
    1076
    1060
    1069
    1045
    1148
    1237
    1292
    1459
    1606
    1740
    2003
    1980
    2077
    2099
    2014
    1948
    1753
    1501
    1371
    1266
    1146
    1060
    1118
    1045
    1073
     998
     982
     911
     983
    1011
    1001
    1010
     981
     930
    1052
     995
     988
    1033
    1006
     923
     986
    1012
     960
     989
    1009
     935
     958
    1045
     958
     982
     965
     978
     979
    1023
     952
     952
    1020
     997
     989
     948
     995
     896
    1005
     978
    1018
     953
     907
     963
     946
    1016
    1156
    1133
    1169
    1183
    1214
    1109
    1026
    1018
     974
     958
    1011
    1003
     982
     966
    1005
     984
     986
    1001
     918
     919
     979
     931
     976
     965
     980
    1014
     989
    1045
    1109
    1058
    1136
    1006
     938
     962
     951
     982
     945
     955
     940
     977
     927
     982
     931
     928
     931
     951
     897
     897
     889
     924
     912
     852
     870
     921
     917
     898
     920
     904
     870
     918
     920
     903
     899
     886
     872
     885
     907
     933
     928
     888
     848
     914
     936
     865
     911
     933
     922
     934
     912
     886
     887
     885
     869
     881
     889
     886
     874
     923
     844
     860
     840
     895
     956
     897
     886
     920
     938
     910
     874
     946
     908
     833
     911
     906
     957
     987
     950
     953
     953
     926
     881
     914
     907
     842
     843
     864
     899
     875
     788
     909
     892
     948
    1054
    1074
    1252
    1295
    1249
    1142
    1108
     935
     939
     916
     911
     998
     957
     903
     976
     900
     880
     872
     892
     792
     836
     773
     814
     799
     838
     834
     810
     836
     790
     764
     798
     807
     788
     810
     756
     822
     806
     811
     769
     850
     795
     752
     783
     807
     805
     833
     791
     797
     783
     786
     792
     874
     846
     843
     822
     815
     753
     787
     849
     771
     755
     810
     747
     798
     794
     821
     804
     871
     856
     844
     940
    1089
    1379
    1965
    3565
    6204
   11151
   19116
   29067
   40133
   47913
   48984
   42030
   29875
   18264
    9562
    4363
    1977
    1116
     876
     720
     781
     741
     705
     791
     790
     763
     789
     810
     759
     748
     735
     764
     764
     731
     704
     692
     689
     680
     711
     691
     722
     703
     747
     689
     711
     682
     698
     687
     699
     647
     688
     680
     711
     637
     695
     706
     683
     636
     670
     694
     710
     683
     694
     689
     712
     614
     692
     659
     695
     672
     728
     715
     780
     709
     737
     693
     742
     679
     704
     639
     673
     656
     637
     677
     674
     706
     656
     683
     713
     737
     757
     686
     703
     663
     693
     671
     672
     664
     640
     684
     682
     632
     644
     662
     671
     680
     626
     642
     654
     697
     628
     656
     658
     693
     666
     696
     719
     699
     694
     650
     628
     627
     635
     645
     583
     645
     618
     618
     650
     609
     685
     675
     648
     645
     616
     667
     664
     654
     646
     636
     657
     692
     654
     675
     646
     713
     734
     681
     629
     712
     690
     673
     741
     884
    1114
    1333
    1591
    1954
    2050
    1955
    1644
    1370
     991
     812
     697
     644
     614
     674
     665
     654
     627
     597
     576
     564
     662
     608
     622
     611
     631
     639
     613
     612
     606
     611
     598
     587
     611
     588
     622
     609
     542
     609
     557
     624
     621
     600
     596
     601
     604
     605
     699
     637
     638
     687
     685
     704
     684
     666
     693
     568
     648
     621
     615
     617
     604
     606
     636
     643
     647
     626
     608
     566
     628
     652
     671
     610
     611
     604
     632
     621
     612
     568
     608
     646
     603
     554
     586
     619
     589
     638
     645
     618
     649
     648
     682
     704
     661
     639
     667
     649
     624
     633
     670
     685
     819
     872
     993
    1067
    1077
     991
    1000
     852
     778
     717
     665
     709
     648
     677
     667
     702
     673
     692
     649
     662
     694
     659
     637
     637
     608
     618
     632
     632
     612
     584
     616
     603
     620
     578
     587
     599
     607
     602
     599
     586
     607
     588
     628
     721
     693
     777
     840
     928
     952
     888
     849
     720
     671
     621
     610
     636
     641
     648
     588
     686
     610
     644
     584
     645
     572
     592
     621
     639
     634
     562
     612
     630
     558
     605
     593
     548
     587
     619
     620
     593
     599
     624
     624
     634
     587
     627
     613
     568
     582
     591
     596
     589
     550
     595
     569
     626
     598
     586
     543
     589
     622
     639
     659
     701
     791
     802
     818
     902
     881
     952
     834
     743
     657
     614
     614
     600
     599
     618
     569
     573
     564
     586
     588
     541
     591
     593
     571
     544
     556
     613
     573
     587
     607
     634
     693
     715
     663
     642
     628
     602
     648
     522
     591
     544
     590
     586
     604
     608
     551
     560
     544
     568
     547
     585
     544
     569
     598
     566
     548
     568
     577
     613
     565
     583
     585
     635
     706
     800
     939
    1152
    1388
    1724
    2091
    2716
    3602
    4131
    4673
    4371
    3627
    2696
    1851
    1208
     847
     639
     681
     615
     525
     601
     576
     586
     535
     543
     611
     547
     581
     592
     545
     625
     554
     589
     595
     542
     549
     567
     544
     571
     572
     543
     557
     575
     571
     581
     549
     568
     612
     586
     644
     752
     855
     935
    1071
    1370
    1429
    1440
    1398
    1189
     965
     811
     674
     659
     566
     575
     562
     570
     540
     544
     596
     559
     583
     582
     531
     574
     559
     572
     533
     608
     547
     554
     570
     591
     590
     574
     547
     551
     587
     583
     601
     608
     543
     598
     605
     574
     600
     590
     529
     568
     584
     635
     584
     636
     651
     716
     812
     983
    1286
    1385
    1568
    1478
    1359
    1036
     857
     714
     615
     588
     551
     569
     570
     548
     568
     526
     525
     532
     567
     538
     600
     567
     566
     574
     646
     629
     577
     590
     614
     616
     569
     546
     603
     574
     592
     567
     590
     557
     615
     622
     633
     619
     700
     675
     617
     624
     618
     560
     604
     589
     600
     643
     655
     672
     724
     664
     697
     660
     592
     582
     572
     595
     530
     574
     573
     572
     602
     659
     692
     706
     786
     782
     690
     671
     609
     637
     559
     581
     584
     546
     526
     619
     637
     642
     682
     713
     762
     897
     918
     961
    1007
     898
     801
     730
     618
     596
     556
     574
     621
     573
     579
     599
     547
     587
     598
     556
     573
     546
     605
     602
     611
     549
     588
     584
     548
     611
     548
     548
     585
     542
     585
     579
     571
     560
     597
     568
     599
     576
     605
     539
     599
     570
     601
     539
     576
     576
     575
     621
     587
     577
     558
     548
     571
     555
     618
     605
     583
     578
     626
     575
     550
     596
     588
     590
     583
     639
     591
     577
     610
     591
     651
     614
     651
     577
     615
     611
     602
     615
     574
     611
     626
     585
     568
     611
     616
     577
     594
     617
     627
     581
     616
     572
     625
     585
     595
     660
     587
     592
     664
     570
     665
     548
     586
     574
     630
     605
     619
     618
     631
     646
     631
     659
     632
     564
     645
     650
     617
     648
     653
     656
     594
     591
     658
     641
     654
     619
     596
     621
     649
     593
     605
     624
     614
     642
     620
     583
     630
     613
     628
     650
     620
     623
     620
     597
     652
     596
     631
     587
     621
     621
     627
     605
     639
     596
     630
     611
     631
     646
     656
     627
     591
     616
     631
     671
     606
     642
     590
     653
     650
     655
     642
     700
     684
     680
     603
     632
     617
     606
     616
     633
     571
     621
     628
     611
     597
     604
     663
     673
     645
     605
     659
     645
     620
     598
     598
     551
     557
     553
     573
     578
     543
     588
     603
     549
     536
     585
     549
     531
     571
     522
     596
     532
     522
     531
     538
     516
     512
     518
     512
     519
     572
     557
     521
     513
     508
     518
     531
     513
     507
     532
     489
     508
     552
     546
     476
     517
     528
     501
     519
     553
     533
     517
     633
     671
     770
     869
    1181
    1502
    1891
    2148
    2425
    2417
    2214
    1692
    1301
     960
     693
     602
     510
     491
     461
     525
     496
     538
     508
     534
     519
     494
     521
     481
     476
     542
     484
     494
     498
     522
     530
     523
     500
     537
     501
     480
     518
     501
     523
     503
     462
     420
     494
     493
     496
     477
     503
     471
     490
     495
     480
     461
     489
     467
     449
     448
     453
     466
     499
     475
     443
     470
     433
     438
     467
     466
     488
     469
     472
     475
     461
     534
     455
     529
     484
     466
     482
     509
     482
     550
     581
     659
     649
     713
     693
     697
     678
     593
     535
     539
     452
     459
     497
     459
     468
     443
     489
     478
     476
     481
     460
     485
     448
     445
     474
     464
     433
     496
     465
     443
     453
     424
     476
     411
     437
     445
     470
     480
     455
     457
     477
     483
     445
     454
     442
     433
     448
     468
     430
     460
     441
     461
     433
     476
     455
     474
     475
     450
     419
     475
     452
     476
     380
     401
     419
     409
     439
     459
     455
     478
     424
     465
     467
     445
     426
     436
     443
     434
     451
     406
     454
     422
     415
     443
     465
     432
     445
     419
     445
     462
     463
     464
     482
     485
     526
     536
     589
     708
     781
     823
     984
    1067
    1097
     972
     886
     751
     629
     529
     473
     411
     434
     436
     485
     414
     434
     415
     447
     429
     444
     409
     431
     400
     406
     430
     428
     402
     406
     422
     439
     414
     421
     412
     406
     449
     419
     443
     373
     406
     406
     442
     430
     410
     372
     379
     421
     389
     417
     391
     456
     405
     430
     422
     414
     376
     449
     434
     409
     371
     416
     422
     418
     415
     367
     399
     408
     393
     398
     409
     365
     389
     393
     389
     357
     380
     368
     349
     361
     354
     366
     381
     360
     388
     380
     395
     407
     387
     382
     403
     416
     383
     357
     366
     384
     371
     387
     344
     390
     368
     365
     369
     391
     359
     396
     396
     389
     374
     366
     388
     351
     392
     381
     355
     350
     333
     374
     391
     359
     377
     403
     371
     362
     348
     393
     332
     375
     332
     348
     347
     388
     380
     398
     409
     442
     457
     489
     514
     506
     544
     506
     462
     443
     394
     402
     339
     374
     396
     346
     362
     324
     329
     357
     357
     363
     384
     373
     333
     344
     359
     389
     355
     326
     373
     375
     343
     415
     363
     329
     363
     357
     378
     379
     383
     335
     363
     372
     374
     408
     397
     377
     416
     437
     424
     513
     502
     502
     464
     474
     465
     418
     380
     372
     352
     381
     377
     362
     374
     346
     341
     333
     376
     338
     352
     339
     320
     335
     355
     343
     325
     349
     336
     360
     343
     331
     367
     341
     340
     344
     358
     329
     343
     336
     347
     364
     343
     353
     346
     355
     324
     321
     339
     343
     378
     362
     315
     346
     330
     369
     333
     341
     337
     347
     352
     346
     342
     336
     361
     351
     341
     365
     353
     347
     319
     347
     358
     395
     380
     343
     355
     363
     371
     305
     365
     320
     317
     306
     358
     340
     355
     381
     371
     367
     398
     411
     423
     426
     423
     400
     376
     372
     372
     340
     394
     332
     350
     320
     339
     335
     365
     340
     330
     360
     345
     326
     369
     338
     342
     322
     343
     325
     333
     334
     349
     360
     358
     391
     465
     484
     604
     747
     987
    1399
    1887
    2701
    3671
    4958
    6375
    7284
    7872
    7307
    6064
    4491
    2945
    1752
     983
     639
     434
     358
     336
     355
     330
     349
     343
     353
     340
     328
     335
     350
     346
     332
     312
     349
     348
     389
     370
     285
     372
     369
     343
     387
     370
     426
     399
     470
     458
     445
     408
     407
     343
     351
     340
     337
     310
     332
     332
     330
     352
     357
     343
     363
     351
     313
     337
     341
     337
     338
     348
     370
     339
     331
     328
     338
     332
     320
     369
     314
     338
     363
     374
     327
     331
     343
     339
     340
     330
     348
     322
     339
     364
     318
     378
     405
     435
     430
     476
     564
     670
     781
     925
    1029
    1091
    1128
    1119
     767
     667
     475
     428
     363
     358
     304
     320
     302
     302
     306
     324
     296
     311
     281
     326
     330
     355
     342
     333
     329
     320
     320
     304
     318
     318
     302
     323
     326
     308
     306
     344
     340
     315
     318
     317
     327
     292
     312
     315
     328
     355
     302
     343
     367
     324
     314
     318
     295
     317
     273
     304
     330
     330
     314
     293
     323
     333
     308
     297
     329
     346
     358
     388
     392
     406
     398
     449
     443
     423
     415
     398
     387
     358
     318
     286
     305
     326
     325
     292
     291
     287
     299
     290
     291
     299
     282
     284
     315
     302
     308
     282
     268
     288
     284
     297
     305
     316
     287
     310
     309
     305
     283
     288
     307
     303
     304
     276
     278
     281
     285
     304
     307
     283
     292
     260
     283
     281
     276
     263
     283
     291
     295
     292
     275
     274
     278
     323
     296
     307
     321
     377
     374
     405
     412
     463
     470
     433
     428
     365
     383
     308
     314
     278
     271
     270
     290
     270
     292
     291
     287
     298
     261
     282
     278
     264
     280
     280
     257
     294
     290
     271
     317
     298
     302
     280
     322
     320
     300
     253
     301
     280
     251
     284
     296
     246
     255
     304
     245
     272
     256
     263
     279
     273
     276
     256
     305
     286
     264
     282
     287
     258
     271
     262
     264
     277
     281
     260
     276
     280
     293
     294
     270
     286
     288
     321
     381
     428
     497
     605
     762
     989
    1337
    1597
    2149
    2538
    2875
    2864
    2453
    2024
    1540
    1034
     622
     427
     343
     272
     280
     256
     255
     243
     255
     263
     248
     244
     280
     272
     249
     242
     269
     257
     281
     242
     276
     269
     264
     280
     277
     300
     287
     302
     293
     303
     335
     349
     336
     394
     362
     399
     389
     348
     338
     339
     309
     279
     280
     270
     269
     254
     249
     218
     272
     260
     280
     252
     255
     250
     244
     239
     254
     262
     266
     284
     248
     270
     287
     233
     249
     243
     241
     292
     253
     270
     240
     254
     281
     249
     283
     269
     245
     249
     276
     254
     264
     251
     268
     254
     280
     262
     291
     254
     252
     246
     260
     254
     273
     279
     242
     252
     290
     264
     304
     297
     305
     419
     422
     486
     601
     681
     781
     830
     842
     864
     737
     630
     449
     407
     291
     261
     284
     263
     269
     279
     292
     257
     265
     255
     267
     253
     239
     237
     245
     256
     210
     255
     221
     274
     254
     233
     249
     253
     216
     247
     225
     238
     231
     219
     243
     255
     244
     253
     222
     219
     231
     227
     250
     251
     220
     244
     244
     243
     247
     277
     217
     270
     249
     258
     258
     242
     283
     293
     271
     269
     271
     282
     215
     224
     255
     240
     253
     245
     254
     223
     277
     230
     224
     235
     214
     261
     234
     240
     243
     244
     230
     238
     229
     254
     255
     257
     247
     266
     278
     275
     215
     261
     263
     262
     281
     269
     253
     284
     254
     241
     218
     246
     249
     244
     224
     231
     225
     251
     240
     270
     230
     243
     250
     239
     227
     252
     224
     227
     208
     242
     232
     248
     258
     228
     259
     241
     267
     242
     230
     270
     259
     227
     224
     240
     242
     236
     243
     224
     259
     258
     248
     278
     250
     266
     282
     271
     264
     267
     246
     264
     250
     244
     234
     214
     224
     267
     265
     232
     274
     224
     263
     240
     239
     236
     242
     239
     243
     252
     267
     270
     243
     228
     217
     218
     220
     229
     227
     218
     235
     259
     257
     204
     251
     248
     232
     239
     253
     251
     276
     240
     259
     227
     216
     247
     229
     238
     252
     257
     241
     245
     252
     236
     228
     251
     264
     236
     232
     241
     233
     233
     229
     226
     243
     267
     240
     204
     245
     214
     259
     258
     234
     239
     239
     218
     258
     242
     237
     226
     236
     248
     233
     251
     250
     262
     256
     261
     258
     226
     247
     259
     270
     256
     269
     318
     323
     392
     481
     582
     746
     910
    1141
    1478
    1669
    1850
    1850
    1595
    1377
    1078
     704
     506
     409
     269
     260
     214
     277
     263
     241
     290
     327
     402
     419
     444
     486
     488
     487
     520
     470
     353
     359
     301
     251
     234
     259
     258
     217
     228
     246
     227
     240
     236
     234
     233
     254
     274
     259
     245
     240
     246
     239
     212
     234
     206
     221
     228
     267
     248
     248
     307
     289
     307
     353
     415
     453
     515
     576
     712
     721
     719
     684
     612
     514
     448
     389
     302
     330
     336
     351
     415
     484
     602
     725
     848
    1035
    1131
    1081
    1079
     895
     643
     576
     398
     306
     237
     234
     253
     259
     227
     229
     239
     235
     246
     254
     225
     237
     248
     247
     258
     226
     244
     233
     255
     238
     264
     234
     220
     242
     259
     240
     218
     249
     234
     229
     259
     257
     270
     286
     315
     285
     304
     285
     291
     315
     289
     298
     281
     250
     242
     246
     221
     236
     244
     250
     223
     225
     249
     279
     264
     250
     253
     239
     232
     275
     266
     231
     273
     253
     247
     280
     245
     232
     251
     269
     272
     273
     231
     213
     224
     223
     243
     252
     256
     238
     256
     258
     256
     246
     263
     227
     258
     250
     259
     256
     232
     264
     239
     223
     262
     245
     246
     241
     236
     258
     223
     250
     247
     240
     256
     248
     235
     265
     255
     256
     257
     240
     249
     229
     257
     230
     232
     264
     255
     244
     270
     264
     292
     237
     231
     241
     285
     255
     235
     284
     289
     296
     301
     290
     308
     282
     250
     287
     249
     250
     239
     233
     242
     235
     257
     270
     246
     255
     248
     279
     245
     298
     256
     255
     256
     247
     245
     255
     243
     234
     232
     271
     275
     257
     276
     261
     245
     239
     285
     298
     276
     256
     261
     276
     261
     280
     289
     275
     291
     251
     264
     296
     250
     276
     253
     264
     273
     282
     245
     267
     252
     259
     254
     271
     283
     279
     286
     240
     266
     291
     270
     250
     273
     279
     262
     270
     279
     268
     267
     286
     263
     254
     253
     276
     266
     270
     277
     294
     271
     264
     272
     280
     262
     274
     285
     258
     291
     270
     255
     265
     273
     261
     262
     279
     256
     264
     286
     297
     293
     268
     266
     279
     302
     262
     298
     285
     279
     313
     311
     282
     323
     344
     363
     399
     433
     547
     595
     731
     841
     907
     990
     958
     844
     762
     635
     519
     374
     352
     328
     282
     254
     271
     269
     302
     309
     280
     274
     262
     276
     259
     275
     245
     276
     293
     260
     282
     259
     266
     257
     280
     294
     285
     259
     276
     260
     297
     268
     266
     261
     298
     308
     279
     280
     287
     291
     310
     270
     309
     295
     302
     266
     291
     290
     248
     257
     282
     262
     259
     271
     259
     293
     255
     283
     267
     272
     244
     261
     262
     263
     300
     272
     294
     321
     330
     318
     357
     377
     358
     407
     367
     346
     338
     306
     325
     285
     308
     270
     287
     309
     334
     318
     342
     348
     265
     285
     252
     237
     203
     186
     196
     202
     241
     212
     196
     212
     183
     214
     201
     225
     189
     200
     201
     202
     210
     177
     210
     203
     212
     182
     200
     192
     178
     179
     173
     207
     178
     199
     190
     192
     191
     179
     189
     195
     197
     183
     195
     183
     214
     190
     159
     168
     194
     207
     168
     169
     177
     178
     202
     184
     177
     185
     178
     196
     170
     189
     191
     184
     186
     186
     177
     192
     195
     192
     179
     178
     191
     161
     172
     162
     168
     171
     173
     147
     183
     189
     200
     189
     155
     171
     184
     173
     191
     166
     182
     177
     205
     178
     199
     200
     222
     228
     260
     333
     316
     343
     343
     384
     389
     354
     333
     256
     221
     195
     195
     179
     162
     171
     147
     185
     152
     181
     192
     190
     161
     172
     158
     185
     166
     198
     181
     198
     208
     207
     232
     234
     240
     250
     245
     243
     244
     205
     219
     208
     207
     192
     230
     234
     282
     256
     265
     273
     227
     223
     175
     188
     168
     173
     146
     153
     159
     156
     169
     162
     150
     158
     165
     168
     166
     165
     183
     195
     160
     160
     164
     162
     154
     171
     145
     160
     154
     162
     158
     170
     156
     167
     144
     148
     162
     153
     157
     152
     154
     140
     140
     140
     120
     141
     128
     158
     160
     148
     152
     131
     146
     132
     146
     122
     134
     122
     132
     140
     150
     125
     134
     141
     135
     115
     120
     130
     119
     128
     119
     121
     118
     120
     128
     135
     122
     108
     109
     128
     126
     129
     128
     111
     102
     113
     104
     110
     117
     114
      98
     108
     118
     126
     111
     118
     148
     112
     125
     126
     113
     103
     100
     109
     119
     112
     109
     108
     123
     101
     106
      97
     109
      92
     112
      99
     114
      96
     106
     127
      84
     108
     100
     107
     100
     101
      92
      87
      97
     115
      90
      95
     103
     100
      97
      87
      90
      99
      80
      98
      82
      90
      99
     111
     130
      88
      96
     119
     112
     102
     119
     133
     150
     128
     160
     165
     210
     268
     305
     340
     348
     403
     421
     409
     327
     248
     209
     156
     122
     104
     105
      97
      84
      83
      95
      84
      91
      95
      98
      84
      91
      87
      82
      82
      84
      85
      74
      77
      90
      85
      77
     102
      82
      92
      65
      96
      88
      87
      92
      71
      72
      72
      76
      72
      85
      81
      74
      91
      64
      83
      85
      83
      67
      91
      89
     103
     103
      94
     112
     115
     123
     153
     144
     126
     132
     111
     104
     108
      87
     100
      86
      72
      82
      70
      82
      87
      96
     104
     101
      93
     122
     139
     123
     131
     171
     179
     134
     132
     148
     116
     111
     107
      96
      87
      66
      86
      86
      81
      72
      77
      86
      79
      65
      88
      83
      69
      84
      61
      72
      80
      69
      76
      60
      89
      66
      77
      74
      69
      88
      64
      77
      63
      71
      78
      76
      74
      80
      63
      63
      77
      72
      62
      71
      61
      77
      67
      74
      82
      96
      70
      79
      64
      82
      76
      87
      81
      62
      67
      63
      67
      68
      73
      77
      65
      68
      81
      57
      59
      79
      76
      62
      87
      75
      74
      73
      86
      83
      84
      82
     103
     116
     120
     168
     179
     223
     290
     334
     399
     549
     710
     779
     854
     881
     856
     784
     628
     509
     317
     217
     144
     116
      98
      76
      70
      64
      65
      64
      82
      63
      71
      85
      64
      75
      77
      75
      72
      72
      68
      67
      80
      61
      61
      57
      62
      57
      72
      56
      75
      73
      78
      70
      61
      67
      61
      78
      57
      56
      90
      75
      74
      77
      53
      74
      68
      72
      76
      62
      69
      66
      72
      64
      64
      69
      71
      67
      75
      73
      77
      74
      56
      55
      80
      62
      75
      77
      83
     103
     101
     119
     145
     181
     229
     291
     359
     451
     593
     738
     996
    1298
    1707
    2313
    2915
    3464
    4024
    4295
    4278
    3820
    3217
    2388
    1628
    1001
     589
     275
     165
     116
      81
      76
      64
      60
      80
      62
      81
      61
      66
      68
      58
      51
      55
      69
      68
      63
      67
      67
      61
      72
      77
      62
      62
      65
      69
      65
      62
      58
      73
      79
      60
      71
      59
      73
      56
      82
      64
      56
      67
      56
      79
      66
      55
      57
      71
      67
      63
      65
      50
      69
      71
      58
      57
      53
      54
      57
      63
      64
      50
      58
      51
      63
      73
      66
      66
      64
      75
      55
      64
      59
      65
      61
      83
      65
      50
      79
      71
      80
      58
      68
      58
      66
      70
      55
      56
      62
      55
      69
      63
      60
      57
      70
      58
      54
      56
      69
      39
      69
      54
      63
      57
      59
      60
      63
      74
      70
      82
      51
      56
      53
      77
      57
      60
      78
      80
      64
      67
      59
      56
      57
      58
      60
      72
      56
      55
      73
      68
      69
      54
      53
      61
      68
      65
      60
      68
      65
      61
      65
      59
      62
      43
      63
      64
      58
      58
      60
      63
      64
      59
      51
      61
      57
      62
      63
      63
      68
      57
      59
      66
      74
      54
      53
      71
      52
      59
      55
      92
      63
      72
      72
      65
      76
      62
      65
      75
      71
      74
      80
      85
      86
     112
     119
     127
     141
     144
     135
     131
     133
     113
      81
      88
      73
      85
      76
      88
      75
      84
     103
     111
     133
     181
     196
     211
     239
     314
     413
     435
     544
     612
     610
     588
     470
     380
     312
     209
     136
     110
      75
      72
      63
      71
      65
      62
      67
      57
      66
      57
      56
      58
      56
      66
      57
      75
      63
      60
      38
      62
      61
      64
      58
      66
      57
      60
      65
      57
      55
      61
      62
      67
      61
      54
      58
      65
      57
      62
      56
      60
      52
      77
      64
      69
      65
      81
      69
      67
      59
      65
      82
      70
      78
      75
      95
      82
     107
     125
     106
      99
     116
     121
     102
     100
     100
      87
      80
      69
      61
      59
      73
      65
      65
      51
      72
      68
      75
      65
      54
      64
      73
      68
      66
      41
      75
      58
      71
      67
      58
      59
      58
      68
      80
      68
      62
      65
      63
      66
      64
      82
      69
      84
      64
      76
      86
      79
      81
      82
      83
      80
      69
      74
      55
      55
      70
      90
      81
     100
      99
     110
     107
      87
      94
      77
      75
      88
      79
      84
      76
      72
      82
      59
      56
      55
      70
      55
      63
      55
      60
      55
      55
      62
      43
      63
      44
      69
      52
      65
      55
      66
      65
      71
      63
      48
      71
      55
      60
      73
      69
      42
      69
      58
      64
      56
      63
      65
      72
      84
      66
      77
      62
      69
      57
      54
      61
      55
      66
      64
      68
      68
      76
      73
      67
      52
      60
      49
      55
      64
      65
      62
      59
      78
      60
      59
      61
      46
      47
      77
      60
      84
      60
      46
      62
      52
      66
      71
      61
      68
      62
      68
      64
      67
      54
      59
      69
      69
      68
      60
      72
      77
      67
      75
      85
     101
      96
     115
      98
     111
     111
      88
      81
      85
     107
      73
      71
      79
      58
      57
      59
      75
      60
      77
      69
      65
      64
      63
      53
      65
      64
      58
      56
      59
      84
      61
      48
      80
      72
      78
      69
      67
      73
      56
      61
      66
      67
      73
      60
      65
      57
      59
      52
      71
      57
      58
      55
      45
      68
      67
      49
      79
      70
      77
      78
      62
      69
      61
      61
      58
      72
      63
      61
      83
      68
      47
      82
      68
      78
      67
      66
      65
      70
      68
      56
      62
      67
      68
      57
      58
      61
      68
      65
      63
      63
      81
      59
      66
      54
      43
      66
      74
      75
      52
      63
      53
      56
      82
      68
      57
      59
      50
      46
      48
      56
      48
      48
      51
      50
      45
      48
      48
      53
      47
      50
      50
      39
      44
      47
      68
      40
      41
      52
      38
      50
      49
      52
      42
      35
      48
      46
      45
      30
      43
      48
      47
      42
      55
      41
      41
      46
      46
      32
      48
      52
      40
      52
      39
      41
      32
      44
      39
      44
      43
      40
      39
      41
      35
      38
      56
      35
      43
      52
      40
      39
      47
      38
      43
      39
      45
      48
      42
      53
      35
      46
      39
      48
      24
      36
      36
      42
      30
      37
      34
      39
      47
      46
      42
      45
      37
      42
      61
      35
      47
      46
      67
      52
      59
      59
      52
      49
      46
      41
      38
      40
      50
      49
      55
      38
      52
      46
      52
      44
      48
      48
      42
      51
      47
      36
      43
      40
      44
      36
      49
      46
      46
      39
      39
      39
      34
      36
      43
      34
      37
      35
      33
      34
      34
      37
      44
      41
      38
      28
      35
      43
      33
      48
      34
      49
      36
      41
      38
      47
      47
      40
      40
      43
      33
      30
      36
      38
      31
      38
      45
      34
      35
      35
      35
      27
      36
      34
      42
      30
      32
      30
      44
      35
      39
      26
      28
      57
      41
      37
      40
      32
      43
      38
      29
      46
      44
      25
      43
      27
      46
      34
      25
      29
      38
      31
      40
      39
      41
      45
      52
      43
      50
      52
      43
      57
      39
      40
      43
      27
      40
      28
      30
      33
      25
      38
      26
      29
      24
      33
      23
      36
      31
      27
      26
      34
      39
      37
      32
      29
      41
      24
      34
      21
      24
      38
      40
      38
      34
      27
      26
      24
      30
      38
      21
      30
      24
      23
      27
      39
      25
      30
      26
      22
      26
      30
      23
      27
      24
      27
      26
      22
      26
      25
      25
      24
      19
      27
      27
      25
      33
      33
      22
      24
      24
      29
      27
      35
      30
      26
      25
      32
      22
      31
      24
      26
      27
      28
      29
      34
      31
      31
      21
      21
      25
      27
      21
      31
      24
      35
      31
      41
      34
      37
      35
      24
      20
      27
      14
      27
      16
      21
      27
      19
      24
      22
      16
      28
      24
      27
      29
      27
      16
      17
      21
      19
      18
      30
      19
      19
      17
      22
      22
      19
      23
      23
      21
      30
      25
      20
      25
      25
      30
      21
      30
      21
      30
      22
      30
      27
      32
      32
      29
      49
      38
      38
      37
      38
      28
      36
      24
      27
      25
      32
      42
      37
      45
      62
      62
      87
      80
      98
     144
     153
     171
     225
     252
     277
     268
     248
     204
     168
     111
      83
      53
      38
      25
      28
      19
      13
      14
      29
      22
      23
      16
      17
      12
      14
      19
      19
      18
      14
      20
      17
      12
      28
      15
      14
      20
      24
      22
      19
      23
      17
      19
      18
      17
      19
      17
      18
      19
      16
      20
      19
      14
      20
      15
      23
      15
      22
      20
      20
      17
      21
      18
      17
      25
      18
      15
      21
      21
      29
      20
      13
      23
      25
      29
      31
      15
      23
      17
      19
      14
      15
      24
      19
      14
      29
      17
      19
      19
      23
      13
      19
      15
      14
      18
      28
      20
      17
      15
      28
      19
      15
      15
      16
      27
      19
      19
      13
      18
      21
      17
      12
      21
      17
      20
      23
      19
      12
      17
      14
      20
      16
      10
      21
      18
      17
      13
      24
      21
      14
      24
      25
      18
      18
      27
      18
      14
      19
      18
      18
      22
      14
      19
      12
      17
      12
      12
      17
      25
      25
      16
      20
      26
      24
      16
      14
      20
      20
      14
      19
      22
      25
      23
      17
      21
      21
      19
      13
      20
      23
      15
      22
      26
      23
      20
      19
      19
      18
      26
      14
      17
      18
      21
      23
      19
      19
      16
      18
      19
      13
      15
      17
      23
      25
      18
      26
      21
      26
      36
      30
      24
      35
      34
      34
      31
      22
      28
      24
      28
      28
      27
      34
      28
      47
      42
      51
      62
      67
      92
      84
     115
     148
     165
     209
     250
     341
     455
     536
     630
     777
     898
     950
     962
     907
     808
     685
     469
     330
     216
     127
      74
      36
      30
      25
      21
      22
      15
      14
      25
      12
      16
      19
      16
      20
      17
      16
      20
      15
      17
      19
      14
      15
      13
      25
      13
      15
      12
      13
      13
      17
      16
      12
       9
       5
      15
      22
      10
      13
      15
      12
      19
      15
      15
      13
       8
      12
      14
      17
      13
      11
      11
      15
      12
      12
      10
       9
      12
      15
      17
       8
      11
      11
       5
      16
      11
      11
      14
      13
      16
      16
      11
      12
      13
       6
      24
      12
      15
      13
      15
      14
      15
      10
      19
      11
      13
      17
      10
      18
      13
      20
       9
      12
       8
      14
      18
       7
       4
      18
      13
      12
      10
      15
      10
      12
      12
      12
       9
       9
      14
      13
      12
      13
      15
       8
       6
      16
       5
      11
      18
      15
      12
       7
      24
      17
      24
      10
      10
      12
      13
       7
      11
      12
      11
      15
      21
      14
      10
      18
      11
      14
      13
      15
      11
      13
      12
       8
      13
      12
      11
      13
       8
      21
      10
       6
      15
      22
      21
       9
      15
      15
      20
      12
      12
      14
       9
      10
       8
       6
      17
      13
      16
       8
      14
      13
       9
       8
       6
      10
      11
      11
       9
      11
      14
       5
       6
      12
      13
      10
      12
       9
       8
      13
      11
      11
       9
      11
      13
       8
       9
       4
      16
      11
      16
       6
       7
      10
       9
       7
      11
      12
      16
       9
      17
      14
      17
      16
      13
      21
      14
      16
      24
      25
      39
      49
      49
      47
      53
      58
      65
      63
      46
      45
      25
      31
      20
      19
      12
      10
       4
       9
       6
       6
       4
       9
      10
       6
       7
       5
       9
       7
      12
       8
      12
       6
      15
      11
       4
      10
      13
      10
      12
       5
       7
       3
       8
      10
       6
       7
      10
      11
      11
       8
       8
       6
       8
      10
       6
       5
      11
       8
       5
      11
       8
       9
      10
       9
       3
       8
       9
       7
       5
      11
       9
       7
      10
      11
       6
       8
       8
       9
      10
       3
       7
       7
      10
       5
       2
      11
       9
      11
       6
       8
       7
       5
       9
       7
       6
       7
       9
       8
       7
       8
       5
      11
       9
      12
       8
       7
      11
       9
       7
       9
       8
       3
       7
       7
      12
       5
      10
       6
       3
       6
       7
       3
       6
       9
       5
       2
       8
       8
       7
       5
       3
       5
       8
       4
       2
       8
       5
       4
       6
       3
       8
       5
       3
       3
       8
       5
       7
       2
       5
       3
       4
       3
       9
      11
       4
       9
       6
       7
       7
       3
       4
       5
       7
       6
       4
       0
       8
       1
       5
       5
       6
       7
       3
       9
       5
       7
       2
       5
       7
       5
       4
       0
       3
       6
       4
       1
       5
       2
       2
       7
       5
       4
       3
       5
       3
       3
       4
       1
       7
       3
       1
       6
       4
       4
       3
       8
       3
       6
      10
       8
       5
       4
       5
       3
       8
       4
       2
       4
       6
       9
       5
       5
       5
       1
       4
       6
       0
       5
       9
       4
       5
       8
       2
       4
       5
       6
       7
       5
       5
       6
       4
       5
       2
       0
       4
       5
       4
       2
       4
       3
       2
       1
       4
       5
       3
       1
       3
       5
       4
       4
       8
       5
       4
       3
       5
       1
       3
       4
       3
       3
       4
       1
       5
       3
       4
       2
       3
       6
       2
       2
       5
       1
       3
       1
       4
       9
       4
       3
       3
       1
       2
       4
       6
       3
       4
       2
       3
       6
       0
       0
       4
       3
       3
       1
       3
       6
       2
       2
       7
       3
       6
       6
       4
       2
       3
       3
       7
       3
       3
       7
       1
       2
       6
       7
       4
       3
       5
       2
       3
       2
       1
       3
       3
       1
       8
       3
       3
       4
       6
       8
       6
       5
       3
       1
       2
       1
       6
       5
       7
       8
       9
       6
       3
       6
       3
       0
       3
       1
       0
       1
       7
       2
       2
       4
       1
       3
       2
       2
       4
       2
       3
       6
       4
       2
       6
       6
       4
       4
       1
       4
       4
       2
       2
       4
       2
       3
       2
       3
       5
       3
       2
       6
       4
       7
       7
      12
      10
      16
      22
      15
      19
      17
      46
      49
      59
      70
      89
      95
     118
     134
     174
     211
     251
     253
     266
     259
     214
     170
     138
      90
      64
      32
      25
      14
       6
       2
       3
       1
       3
       1
       4
       0
       5
       6
       4
       8
       3
       4
       5
       2
       5
       3
       5
       4
       4
       3
       2
       7
       3
       2
       3
       3
       3
       2
       1
       3
       0
       4
       2
       2
       0
       4
       5
       6
       6
       2
       3
       4
       3
       3
       4
       5
       4
       4
       1
       1
       3
       3
       1
       3
       2
       2
       0
       1
       3
       2
       5
       2
       4
       3
       3
       0
       3
       2
       5
       1
       1
       3
       4
       4
       3
       1
       4
       3
       3
       5
       2
       2
       4
       3
       3
       5
       1
       1
       3
       4
       4
       4
       3
       0
       1
       5
       1
       3
       2
       2
       1
       3
       4
       1
       1
       2
       4
       1
       2
       1
       1
       1
       2
       1
       3
       4
       0
       2
       1
       4
       1
       2
       1
       0
       2
       2
       2
       4
       1
       3
       1
       0
       1
       2
       1
       4
       6
       0
       4
       4
       6
       3
       2
       4
       1
       3
       0
       2
       2
       2
       2
       3
       3
       2
       2
       3
       0
       3
       2
       1
       0
       4
       4
       3
       1
       0
       1
       1
       0
       2
       4
       1
       0
       2
       3
       1
       0
       2
       0
       1
       0
       2
       2
       0
       2
       2
       2
       1
       3
       0
       1
       3
       2
       6
       0
       2
       2
       3
       1
       3
       3
       2
       3
       0
       2
       5
       2
       0
       2
       4
       0
       2
       2
       1
       3
       1
       1
       0
       0
       3
       3
       3
       1
       0
       3
       3
       1
       1
       1
       1
       3
       0
       0
       4
       1
       5
       5
       3
       1
       1
       5
       3
       2
       3
       1
       3
       4
       2
       2
       2
       0
       2
       0
       2
       2
       2
       2
       1
       3
       1
       4
       1
       1
       0
       3
       2
       1
       0
       3
       0
       4
       0
       4
       1
       4
       1
       1
       1
       1
       2
       0
       0
       0
       1
       4
       1
       3
       2
       2
       0
       2
       1
       0
       1
       2
       2
       2
       1
       0
       2
       1
       1
       1
       0
       2
       2
       0
       3
       1
       1
       1
       6
       1
       4
       1
       0
       5
       1
       4
       0
       2
       3
       0
       0
       2
       3
       4
       0
       0
       0
       0
       1
       1
       3
       2
       1
       2
       1
       0
       3
       0
       4
       3
       0
       0
       0
       1
       1
       3
       1
       1
       4
       2
       1
       3
       0
       3
       2
       2
       0
       1
       2
       2
       0
       1
       1
       2
       0
       0
       0
       1
       0
       1
       0
       0
       3
       2
       1
       1
       0
       2
       0
       0
       0
       2
       2
       0
       0
       2
       3
       1
       2
       1
       2
       1
       2
       0
       1
       0
       3
       1
       0
       1
       1
       0
       1
       1
       0
       2
       1
       4
       0
       2
       1
       5
       8
       1
       3
       2
       8
       5
      11
      11
       7
      16
       9
      22
      26
      24
      19
      24
      30
      16
      16
      19
      11
       9
       3
       6
       0
       2
       1
       5
       0
       0
       0
       3
       2
       1
       1
       0
       0
       2
       3
       2
       2
       0
       1
       0
       0
       1
       1
       1
       0
       0
       0
       0
       0
       3
       3
       1
       1
       1
       1
       0
       3
       0
       0
       1
       3
       5
       0
       2
       1
       0
       4
       0
       1
       1
       1
       3
       0
       0
       1
       2
       0
       0
       0
       1
       0
       1
       2
       1
       1
       4
       2
       0
       1
       0
       2
       2
       2
       2
       1
       1
       1
       1
       0
       2
       1
       3
       0
       1
       0
       1
       0
       1
       1
       2
       2
       0
       1
       1
       1
       1
       2
       1
       3
       1
       1
       0
       0
       0
       0
       1
       1
       1
       3
       0
       1
       3
       1
       2
       1
       6
       2
       2
       4
       2
       0
       3
       2
       2
       1
       0
       2
       1
       2
       4
       2
       2
       4
       1
       0
       1
       1
       0
       1
       0
       0
       1
       4
       1
       0
       1
       4
       0
       0
       2
       4
       1
       0
       0
       2
       2
       1
       0
       1
       0
       0
       1
       1
       2
       0
       1
       0
       1
       0
       0
       1
       3
       0
       0
       1
       1
       1
       1
       3
       1
       1
       0
       0
       2
       2
       2
       2
       2
       1
       1
       5
       0
       2
       1
       6
       1
       3
       6
       5
       1
       5
       8
       3
       5
       6
       3
       5
       3
       0
       2
       0
       4
       6
       0
       3
       3
       0
       1
       1
       0
       2
       3
       2
       1
       0
       0
       1
       1
       1
       0
       2
       1
       2
       0
       3
       0
       0
       1
       0
       2
       1
       0
       0
       2
       0
       0
       1
       0
       0
       0
       0
       1
       0
       2
       0
       0
       0
       2
       0
       1
       0
       1
       1
       1
       1
       2
       0
       1
       1
       0
       1
       2
       0
       1
       1
       5
       1
       2
       1
       0
       1
       1
       3
       0
       0
       0
       0
       2
       1
       2
       5
       1
       2
       0
       2
       3
       1
       2
       1
       1
       1
       0
       1
       1
       0
       1
       3
       1
       2
       0
       0
       0
       1
       0
       1
       2
       1
       0
       0
       1
       0
       0
       0
       1
       2
       3
       1
       1
       2
       1
       0
       0
       0
       1
       2
       1
       2
       0
       3
       1
       1
       0
       1
       1
       1
       1
       0
       2
       0
       1
       1
       1
       0
       0
       0
       2
       0
       0
       1
       2
       0
       2
       1
       1
       0
       1
       2
       0
       0
       2
       0
       2
       1
       1
       0
       0
       1
       1
       1
       1
       1
       2
       1
       2
       0
       0
       0
       1
       0
       2
       2
       2
       1
       4
       3
       3
       0
       4
       3
       1
       6
       7
       6
       4
       3
       4
       0
       1
       0
       0
       1
       0
       0
       0
       1
       1
       0
       1
       1
       0
       0
       0
       1
       0
       1
       0
       0
       1
       0
       1
       0
       1
       0
       1
       3
       0
       0
       0
       2
       0
       0
       3
       2
       1
       1
       4
       1
       0
       1
       0
       1
       0
       1
       0
       1
       1
       0
       0
       0
       0
       0
       0
       1
       0
       2
       0
       0
       1
       1
       0
       0
       0
       2
       1
       1
       0
       0
       1
       0
       3
       3
       0
       0
       1
       2
       0
       0
       0
       1
       0
       0
       0
       0
       0
       1
       0
       0
       0
       1
       1
       0
       1
       0
       1
       0
       1
       2
       0
       0
       0
       2
       0
       0
       0
       1
       1
       2
       0
       1
       2
       0
       1
       3
       0
       0
       0
       2
       0
       0
       0
       0
       1
       1
       0
       0
       0
       2
       0
       0
       1
       0
       1
       0
       2
       0
       2
       0
       0
       0
       0
       2
       3
       0
       1
       1
       1
       1
       1
       0
       0
       0
       0
       0
       1
       1
       0
       1
       1
       1
       0
       1
       2
       1
       0
       1
       1
       0
       0
       0
       0
       0
       0
       1
       1
       0
       0
       2
       1
       1
       0
       0
       0
       1
       1
       0
       0
       1
       1
       0
       0
       1
       3
       1
       0
       0
       0
       0
       0
       0
       0
       0
       0
       0
       2
       1
       1
       0
       1
       0
       1
       0
       0
       0
       0
       0
       0
       0
       0
       0
       0
       0
       2
       1
       0
       0
       3
       2
       0
       0
       1
       1
       0
       1
       0
       0
       1
       1
       0
       0
       0
       1
       1
       0
       0
       0
       0
       0
       1
       0
       0
       0
       0
       0
       0
       0
       0
       0
       0
       0
       0
       0
       1
       1
       0
       0
       0
       0
       0
       0
       3
       1
       1
       0
       1
       1
       0
       0
       1
       3
       0
       2
       0
       4
       1
       2
       3
       6
       2
       0
       0
       1
       1
       0
       1
       0
       0
       1
       0
       2
       1
       0
       0
       0
       0
       1
       0
       0
       1
       1
       2
       0
       1
       1
       0
       2
       3
       1
       0
       1
       1
       1
       0
       0
       0
       1
       0
       0
       0
       0
       0
       0
       1
       1
       0
       0
       0
       0
       0
       0
       1
       0
       0
       0
       0
       0
       0
       0
       3
       0
       1
       0
       0
       0
       0
       0
       1
       0
       0
       1
       0
       0
       0
       1
       0
       0
       2
       0
       0
       1
       1
       0
       2
       0
       0
       1
       1
       1
       1
       2
       0
       0
       0
       2
       1
       2
       2
       2
       1
       0
       2
       2
       1
       4
       2
       4
       4
       4
       4
       1
       1
       0
       0
       0
       0
       0
       2
       0
       1
       1
       1
       1
       0
       0
       0
       0
       1
       0
       0
       1
       3
       1
       1
       0
       0
       1
       0
       0
       0
       1
       1
       0
       0
       1
       0
       0
       0
       0
       0
       1
       0
       0
       0
       1
       0
       0
       0
       0
       0
       1
       1
       0
       2
       0
       0
       0
       0
       0
       0
       0
       0
       0
       1
       0
       0
       1
       0
       1
       0
       0
       1
       0
       1
       0
       1
       0
       0
       0
       0
       1
       0
       0
       0
       0
       0
       0
       0
       0
       0
       0
       0
       0
       0
       0
       1
       0
       0
       0
       0
       0
       1
       0
       0
       1
       1
       0
       0
       0
       0
       0
       1
       0
       0
       0
       1
       0
       0
       0
       0
       0
       1
       1
       0
       1
       1
       1
       0
       1
       0
       0
       2
       1
       0
       0
       2
       1
       0
       0
       2
       2
       3
       2
       4
       2
       1
       3
       2
       1
       0
       3
       1
       0
       0
       1
       0
       0
       0
       0
       0
       0
       0
       0
       0
       0
       0
       0
       1
       0
       0
       0
       0
       0
       0
       0
       0
       0
       0
       1
       0
       0
       3
       0
       1
       0
       1
       0
       0
       0
       0
       1
       1
       0
       1
       0
       4
       1
       0
       0
       1
       0
       1
       1
       0
       2
       1
       0
       0
       0
       0
       0
       0
       1
       0
       0
       1
       0
       0
       0
       0
       0
       0
       0
       0
       0
       1
       0
       0
       1
       0
       0
       0
       0
       0
       1
       0
       0
       0
       0
       1
       0
       0
       0
       0
       1
       0
       1
       0
       0
       0
       0
       0
       0
       0
       0
       0
       1
       0
       0
       0
       0
       0
       0
       0
       0
       0
       0
       0
       1
       1
       1
       0
       1
       0
       1
       1
       0
       0
       0
       0
       0
       1
       0
       0
       0
       0
       1
       0
       0
       0
       0
       0
       1
       0
       0
       0
       0
       0
       0
       0
       0
       0
       0
       0
       0
       0
       0
       0
       0
       0
       0
       0
       0
       0
       0
       0
       0
       0
       0
       0
       0
       0
       0
       0
       0
       0
       0
       0
       0
       0
       0
       0
       0
       0
       0
       0
       0
       0
       0
       0
       0
       0
       0
       0
       0
       0
       0
       0
       0
       0
       0
       0
       0
       0
       0
       0
       0
       0
       0
       0
       0
       0
       0
       0
       0
       0
       0
       0
       0
       0
       0
       0
       0
       0
       0
       0
       0
       0
       0
       0
       0
       0
       0
       0
       0
       0
       0
       0
       0
       0
       0
       0
       0
       0
       0
       0
       0
       0
       0
       0
       0
       0
       0
       0
       0
       0
       0
       0
       0
       0
       0
       0
       0
       0
       0
       0
       0
       0
       0
       0
       0
       0
       0
       0
       0
       0
       0
       0
       0
       0
       0
       0
       0
       0
$ROI:
0
$PRESETS:
None
0
0
$ENER_FIT:
-10.967808 0.378418
$MCA_CAL:
3
-1.096781E+001 3.784181E-001 0.000000E+000 keV
$SHAPE_CAL:
3
1.249391E+001 -1.421730E-003 0.000000E+000
