$SPEC_ID:
No sample description was entered.
$SPEC_REM:
DET# 1
DETDESC# KFLABB4 Easy-MCA-8k SN 09022236
AP# Maestro Version 6.08
$DATE_MEA:
05/05/2023 13:44:59
$MEAS_TIM:
695 734
$DATA:
0 8191
       0
       0
       0
       0
       0
       0
       0
       0
       0
       0
       0
       0
       0
       0
       0
       0
       0
       0
       0
       0
       0
       0
       1
       1
       1
       4
      57
    3576
   38400
  109649
  127405
   70726
   19870
    4075
    1828
    2713
    3860
    4510
    4736
    5078
    5430
    5235
    4133
    2698
    2187
    1757
    3931
    4969
    3386
    3111
    3177
    3370
    3449
    3546
    3685
    3850
    4079
    4149
    4425
    4693
    4518
    4373
    4002
    3533
    3225
    2702
    2438
    2249
    2206
    2131
    2014
    2032
    2053
    2131
    2100
    1970
    2135
    2114
    2065
    2216
    2094
    2104
    2069
    2111
    2077
    2056
    2071
    2122
    2169
    2126
    2059
    2159
    2029
    2006
    2094
    2143
    2059
    2091
    2112
    2119
    2062
    2125
    2059
    2092
    2079
    2091
    2001
    2077
    2068
    2121
    2175
    2130
    2165
    2084
    2083
    2115
    2109
    2134
    2074
    2099
    2026
    2084
    2060
    2078
    2069
    2133
    2101
    2184
    1944
    2043
    1957
    2027
    2157
    2167
    2082
    2064
    2093
    2065
    2085
    2058
    2063
    2186
    2120
    2054
    2008
    2073
    2016
    2099
    2089
    2187
    2048
    2127
    2107
    2160
    2068
    2089
    2083
    2126
    2052
    2032
    2102
    2082
    2156
    2093
    2058
    2113
    2068
    2095
    2118
    2119
    2096
    2070
    2115
    2168
    2107
    2104
    2078
    2076
    2076
    2149
    2209
    2203
    2179
    2147
    2179
    2239
    2219
    2219
    2266
    2161
    2113
    2133
    2244
    2265
    2180
    2153
    2207
    2138
    2171
    2137
    2171
    2293
    2162
    2220
    2219
    2124
    2250
    2277
    2193
    2184
    2158
    2219
    2374
    2385
    2679
    3217
    3646
    4306
    4380
    4230
    4117
    4541
    5451
    5944
    5629
    4715
    3441
    2739
    2367
    2276
    2177
    2144
    2109
    2086
    2176
    2102
    2141
    2100
    2249
    2098
    2111
    2070
    2154
    2186
    2270
    2377
    2591
    3024
    3457
    3689
    3732
    3273
    2970
    2596
    2462
    2753
    2607
    2494
    2425
    2338
    2118
    2026
    2048
    2088
    2063
    2053
    2108
    2037
    2046
    2065
    2121
    2077
    1974
    2002
    2133
    2091
    1995
    1989
    1997
    2029
    2153
    2092
    2057
    2077
    2071
    2098
    1981
    2036
    2122
    2075
    2087
    2124
    2100
    2102
    2155
    2033
    2053
    2063
    2110
    2088
    2121
    2098
    2105
    2251
    2098
    2040
    2090
    2065
    2079
    2083
    2113
    2116
    2049
    2085
    2036
    2106
    1991
    2099
    2080
    2038
    2148
    2098
    2077
    2115
    2172
    2057
    2069
    2104
    2102
    2080
    2132
    2042
    2238
    2163
    2067
    2112
    2107
    2116
    2121
    2132
    2113
    2081
    2077
    2134
    2015
    2122
    2077
    2148
    2133
    2172
    2116
    2128
    2105
    2141
    2217
    2166
    2116
    2117
    2102
    2167
    2166
    2163
    2132
    2157
    2109
    2074
    2214
    2119
    2175
    2128
    2275
    2106
    2129
    2163
    2143
    2090
    2140
    2175
    2180
    2208
    2118
    2128
    2167
    2199
    2126
    2153
    2205
    2207
    2211
    2200
    2227
    2264
    2147
    2247
    2192
    2159
    2153
    2254
    2171
    2193
    2171
    2229
    2162
    2089
    2203
    2204
    2233
    2220
    2186
    2223
    2192
    2178
    2097
    2175
    2205
    2220
    2131
    2272
    2243
    2217
    2212
    2178
    2246
    2257
    2202
    2222
    2254
    2175
    2235
    2196
    2278
    2311
    2311
    2252
    2327
    2252
    2226
    2151
    2225
    2241
    2220
    2224
    2304
    2249
    2168
    2148
    2283
    2254
    2220
    2286
    2253
    2327
    2262
    2209
    2191
    2322
    2260
    2298
    2296
    2220
    2308
    2251
    2249
    2330
    2214
    2333
    2313
    2314
    2227
    2287
    2402
    2374
    2398
    2362
    2401
    2477
    2490
    2392
    2461
    2438
    2509
    2574
    2559
    2585
    2618
    2531
    2554
    2591
    2570
    2584
    2564
    2603
    2583
    2431
    2576
    2441
    2595
    2585
    2501
    2577
    2594
    2576
    2533
    2559
    2535
    2522
    2576
    2470
    2559
    2569
    2537
    2521
    2516
    2496
    2476
    2498
    2483
    2494
    2461
    2522
    2446
    2456
    2427
    2545
    2494
    2405
    2518
    2461
    2406
    2447
    2436
    2429
    2405
    2432
    2397
    2436
    2339
    2440
    2307
    2406
    2433
    2417
    2523
    2428
    2456
    2443
    2298
    2514
    2373
    2403
    2460
    2329
    2440
    2365
    2403
    2406
    2305
    2376
    2430
    2336
    2440
    2414
    2426
    2332
    2390
    2357
    2523
    2422
    2442
    2426
    2382
    2331
    2328
    2403
    2420
    2463
    2395
    2375
    2404
    2399
    2323
    2434
    2395
    2465
    2409
    2453
    2433
    2496
    2393
    2528
    2498
    2451
    2412
    2430
    2465
    2446
    2414
    2466
    2500
    2460
    2541
    2426
    2515
    2446
    2472
    2509
    2534
    2415
    2478
    2459
    2551
    2565
    2421
    2531
    2554
    2417
    2472
    2555
    2464
    2542
    2518
    2514
    2521
    2550
    2485
    2526
    2397
    2485
    2473
    2477
    2491
    2504
    2451
    2491
    2496
    2577
    2474
    2502
    2435
    2451
    2462
    2406
    2448
    2436
    2428
    2433
    2441
    2505
    2395
    2521
    2536
    2393
    2432
    2599
    2462
    2515
    2383
    2516
    2451
    2474
    2495
    2468
    2359
    2473
    2424
    2343
    2472
    2490
    2475
    2410
    2478
    2408
    2524
    2436
    2477
    2418
    2524
    2478
    2376
    2386
    2487
    2424
    2479
    2545
    2399
    2523
    2498
    2374
    2497
    2413
    2506
    2532
    2507
    2572
    2569
    2579
    2465
    2518
    2522
    2484
    2483
    2424
    2498
    2518
    2378
    2415
    2421
    2485
    2467
    2357
    2444
    2471
    2510
    2387
    2478
    2490
    2412
    2538
    2481
    2401
    2446
    2492
    2467
    2433
    2497
    2458
    2483
    2453
    2413
    2358
    2503
    2380
    2585
    2428
    2527
    2467
    2438
    2477
    2496
    2512
    2545
    2439
    2433
    2484
    2471
    2548
    2470
    2563
    2503
    2527
    2563
    2506
    2551
    2522
    2502
    2515
    2594
    2555
    2561
    2506
    2537
    2561
    2558
    2626
    2516
    2593
    2489
    2477
    2657
    2579
    2563
    2526
    2511
    2559
    2522
    2519
    2546
    2553
    2559
    2510
    2614
    2604
    2601
    2655
    2653
    2586
    2617
    2648
    2615
    2617
    2545
    2645
    2781
    2636
    2644
    2670
    2668
    2669
    2579
    2562
    2672
    2688
    2639
    2648
    2699
    2732
    2636
    2663
    2746
    2575
    2794
    2774
    2811
    2754
    2692
    2844
    2745
    2716
    2733
    2810
    2810
    2846
    2685
    2763
    2740
    2654
    2770
    2876
    2773
    2870
    2778
    2771
    2815
    2916
    2856
    2810
    2923
    2890
    2898
    2864
    2816
    2904
    2902
    2858
    2967
    2942
    2968
    2931
    2965
    2821
    2961
    2974
    2956
    3048
    3036
    2942
    2866
    3035
    2997
    2935
    3073
    3112
    2994
    3063
    3072
    3007
    3013
    3041
    3007
    2989
    3024
    3040
    3149
    2985
    3070
    3070
    3058
    3127
    3066
    3182
    3100
    3181
    3162
    3071
    3176
    3009
    3117
    3223
    3109
    3094
    3182
    3186
    3140
    3214
    3178
    3222
    3219
    3158
    3184
    3248
    3214
    3154
    3199
    3171
    3055
    3131
    3147
    3204
    3207
    3246
    3186
    3098
    3022
    3125
    3010
    3090
    2997
    2969
    2943
    3013
    2921
    2986
    2774
    2805
    2691
    2701
    2601
    2473
    2584
    2399
    2393
    2327
    2326
    2329
    2252
    2207
    2241
    2011
    2091
    1946
    2031
    2005
    1965
    1932
    1918
    1917
    1876
    1911
    1907
    1879
    1827
    1839
    1810
    1785
    1787
    1768
    1804
    1838
    1777
    1756
    1733
    1736
    1737
    1718
    1716
    1668
    1637
    1701
    1609
    1701
    1665
    1598
    1573
    1725
    1591
    1583
    1579
    1535
    1617
    1553
    1565
    1565
    1602
    1533
    1514
    1533
    1554
    1558
    1550
    1526
    1448
    1471
    1479
    1544
    1498
    1513
    1517
    1465
    1443
    1429
    1444
    1534
    1452
    1422
    1410
    1516
    1373
    1459
    1378
    1457
    1352
    1364
    1390
    1333
    1349
    1364
    1335
    1367
    1307
    1329
    1249
    1268
    1341
    1314
    1273
    1286
    1285
    1356
    1287
    1272
    1303
    1329
    1287
    1252
    1326
    1205
    1230
    1248
    1250
    1247
    1213
    1234
    1206
    1217
    1202
    1177
    1221
    1149
    1203
    1207
    1148
    1178
    1169
    1155
    1141
    1100
    1168
    1161
    1153
    1102
    1148
    1117
    1160
    1114
    1112
    1074
    1111
    1127
    1117
    1144
    1104
    1073
    1094
    1057
    1056
    1034
    1061
    1057
    1066
    1058
    1013
    1032
    1046
    1033
     958
     973
    1019
     944
     992
    1037
     973
     947
    1009
     951
     932
     977
     961
     931
    1011
     907
     906
     949
     978
     933
     899
     929
     966
     931
     956
     933
     935
     903
     921
     849
     891
     941
     882
     863
     900
     867
     926
     892
     862
     846
     845
     840
     878
     830
     893
     772
     839
     884
     860
     783
     849
     824
     887
     819
     877
     816
     813
     842
     809
     846
     816
     837
     797
     825
     787
     740
     836
     858
     871
     803
     830
     807
     817
     797
     819
     782
     761
     775
     798
     749
     795
     765
     756
     784
     802
     749
     793
     759
     804
     749
     785
     761
     808
     782
     811
     814
     754
     736
     756
     727
     823
     785
     805
     803
     792
     767
     732
     795
     838
     735
     756
     752
     794
     772
     750
     756
     743
     727
     797
     726
     736
     731
     716
     752
     726
     748
     757
     767
     716
     798
     719
     773
     755
     728
     766
     754
     736
     742
     768
     730
     718
     686
     698
     652
     760
     752
     719
     735
     752
     719
     677
     708
     702
     725
     705
     704
     701
     784
     665
     684
     683
     712
     744
     727
     686
     657
     689
     678
     726
     729
     709
     684
     690
     699
     657
     710
     727
     650
     708
     651
     660
     672
     683
     652
     672
     703
     665
     664
     659
     702
     664
     671
     614
     681
     627
     681
     627
     633
     647
     692
     616
     625
     677
     662
     679
     639
     686
     636
     663
     652
     721
     627
     670
     662
     652
     629
     658
     675
     688
     617
     610
     638
     640
     682
     649
     641
     639
     598
     646
     644
     649
     662
     604
     647
     607
     646
     637
     627
     655
     642
     607
     637
     565
     618
     605
     624
     650
     620
     644
     617
     585
     636
     610
     606
     615
     652
     579
     617
     610
     598
     607
     612
     583
     660
     655
     661
     656
     624
     693
     629
     629
     644
     673
     662
     644
     653
     643
     702
     755
     772
     882
    1075
    1383
    2088
    3371
    5583
    9288
   15114
   23368
   34489
   47593
   61275
   72922
   79769
   80649
   75608
   64920
   51305
   37301
   25515
   16020
    9535
    5579
    3109
    1891
    1180
     852
     709
     579
     554
     481
     465
     478
     449
     459
     462
     453
     461
     402
     434
     454
     438
     425
     417
     407
     419
     416
     421
     422
     401
     428
     460
     414
     433
     418
     424
     440
     412
     404
     407
     404
     412
     393
     387
     402
     472
     395
     419
     424
     391
     438
     403
     403
     439
     410
     400
     438
     409
     399
     425
     396
     404
     414
     404
     404
     421
     416
     392
     439
     401
     414
     396
     418
     398
     378
     339
     419
     415
     387
     406
     413
     416
     383
     420
     421
     418
     420
     408
     425
     382
     377
     412
     356
     413
     385
     398
     426
     436
     399
     404
     365
     442
     393
     409
     367
     375
     400
     388
     395
     386
     416
     382
     420
     404
     426
     377
     405
     396
     419
     372
     387
     398
     421
     393
     423
     431
     385
     379
     394
     394
     376
     415
     398
     425
     392
     404
     394
     433
     389
     431
     386
     363
     380
     402
     388
     421
     403
     390
     381
     402
     428
     414
     435
     426
     435
     375
     410
     391
     368
     366
     386
     388
     419
     424
     418
     398
     408
     403
     393
     400
     399
     401
     392
     385
     402
     423
     411
     393
     415
     406
     407
     409
     405
     391
     425
     408
     381
     406
     391
     409
     382
     393
     428
     437
     383
     378
     417
     390
     430
     378
     417
     373
     374
     413
     434
     377
     421
     426
     405
     395
     381
     404
     373
     384
     384
     389
     408
     404
     374
     375
     394
     375
     404
     392
     370
     380
     417
     370
     374
     417
     388
     382
     422
     404
     410
     377
     423
     383
     382
     343
     372
     398
     368
     404
     414
     425
     384
     410
     358
     413
     398
     396
     384
     394
     399
     412
     360
     389
     382
     403
     390
     377
     381
     389
     344
     398
     390
     366
     356
     392
     386
     424
     389
     405
     372
     386
     385
     388
     383
     384
     352
     370
     377
     374
     391
     359
     369
     383
     368
     394
     423
     374
     354
     399
     386
     384
     381
     387
     371
     413
     383
     392
     354
     355
     403
     359
     362
     363
     397
     373
     399
     384
     403
     363
     436
     377
     356
     331
     424
     380
     382
     376
     400
     397
     383
     354
     394
     352
     387
     367
     390
     378
     367
     388
     362
     403
     391
     385
     375
     380
     384
     403
     384
     375
     385
     344
     406
     396
     384
     389
     394
     374
     379
     394
     397
     424
     372
     363
     388
     380
     382
     371
     358
     376
     393
     387
     373
     358
     402
     427
     391
     394
     355
     384
     397
     387
     389
     374
     353
     385
     354
     380
     360
     361
     391
     396
     366
     369
     384
     406
     407
     405
     443
     422
     367
     385
     433
     368
     390
     398
     384
     433
     369
     393
     384
     377
     387
     422
     342
     388
     399
     392
     388
     397
     376
     376
     384
     376
     402
     400
     372
     387
     396
     362
     359
     424
     365
     390
     382
     400
     371
     389
     391
     395
     374
     406
     399
     377
     400
     399
     389
     355
     407
     392
     412
     388
     391
     412
     408
     391
     395
     382
     366
     364
     392
     396
     401
     404
     424
     384
     350
     399
     386
     414
     389
     412
     423
     362
     413
     404
     386
     394
     394
     414
     416
     370
     419
     392
     359
     341
     378
     382
     365
     379
     377
     415
     350
     385
     357
     402
     378
     366
     372
     387
     374
     376
     397
     374
     364
     400
     362
     399
     385
     357
     414
     364
     411
     372
     413
     372
     386
     377
     356
     401
     372
     390
     383
     393
     399
     387
     340
     379
     400
     410
     378
     343
     367
     386
     365
     394
     409
     403
     370
     378
     372
     369
     394
     386
     366
     387
     377
     402
     406
     371
     378
     387
     368
     371
     369
     335
     387
     422
     391
     387
     369
     376
     364
     406
     352
     440
     400
     371
     397
     391
     372
     374
     398
     373
     357
     369
     373
     360
     378
     385
     371
     368
     376
     417
     378
     383
     391
     405
     387
     383
     363
     368
     400
     423
     373
     383
     401
     399
     375
     378
     389
     345
     346
     367
     390
     388
     385
     376
     340
     372
     363
     389
     413
     402
     368
     410
     353
     367
     389
     390
     402
     366
     382
     374
     380
     372
     380
     415
     396
     384
     351
     393
     382
     372
     423
     390
     364
     390
     367
     343
     390
     393
     416
     391
     438
     390
     383
     406
     382
     366
     387
     416
     384
     393
     388
     380
     360
     386
     389
     373
     379
     425
     400
     398
     397
     418
     436
     458
     419
     437
     396
     401
     408
     374
     414
     343
     357
     389
     375
     377
     362
     396
     369
     390
     375
     412
     407
     400
     375
     349
     394
     393
     380
     388
     397
     363
     394
     404
     397
     448
     363
     407
     393
     411
     416
     384
     443
     410
     368
     420
     409
     362
     380
     380
     403
     361
     402
     439
     380
     416
     381
     391
     400
     347
     386
     392
     404
     381
     397
     379
     421
     373
     379
     367
     363
     400
     408
     380
     410
     386
     373
     381
     409
     388
     394
     412
     410
     412
     394
     388
     383
     404
     382
     380
     389
     394
     363
     429
     391
     404
     442
     376
     394
     393
     385
     380
     421
     369
     381
     364
     429
     393
     403
     412
     412
     383
     391
     396
     384
     403
     391
     379
     381
     383
     394
     362
     409
     369
     385
     390
     395
     394
     389
     391
     391
     382
     367
     417
     373
     389
     392
     384
     364
     458
     389
     389
     429
     363
     412
     393
     407
     455
     395
     396
     385
     383
     400
     382
     442
     409
     401
     384
     400
     422
     419
     414
     427
     384
     410
     412
     425
     389
     388
     394
     430
     377
     392
     425
     406
     440
     384
     418
     396
     416
     395
     404
     412
     418
     420
     416
     392
     382
     446
     403
     405
     395
     383
     410
     401
     383
     379
     410
     424
     423
     414
     420
     369
     427
     408
     415
     391
     413
     419
     408
     370
     393
     415
     398
     419
     438
     394
     404
     416
     442
     433
     441
     456
     422
     406
     405
     398
     426
     447
     423
     414
     390
     424
     437
     417
     394
     418
     443
     432
     395
     411
     455
     417
     430
     432
     390
     425
     430
     421
     374
     409
     409
     405
     418
     419
     420
     414
     416
     438
     419
     438
     433
     407
     420
     394
     384
     406
     455
     432
     411
     443
     420
     412
     423
     424
     394
     439
     418
     406
     413
     393
     369
     428
     455
     433
     418
     445
     433
     468
     394
     470
     402
     411
     445
     407
     451
     437
     447
     430
     459
     438
     426
     410
     455
     421
     457
     413
     439
     431
     430
     435
     423
     441
     422
     418
     434
     437
     417
     462
     475
     454
     401
     412
     465
     397
     421
     413
     393
     410
     441
     446
     434
     482
     433
     489
     425
     452
     421
     468
     454
     455
     436
     394
     474
     458
     466
     425
     445
     411
     467
     441
     443
     449
     434
     411
     427
     447
     438
     429
     444
     463
     445
     448
     455
     410
     456
     459
     439
     456
     451
     439
     403
     485
     470
     430
     434
     451
     491
     453
     447
     439
     446
     461
     482
     468
     442
     445
     467
     463
     418
     469
     458
     503
     460
     453
     464
     447
     443
     461
     433
     460
     426
     485
     439
     496
     434
     459
     439
     454
     458
     452
     468
     482
     486
     425
     457
     467
     488
     450
     478
     493
     482
     465
     514
     447
     462
     462
     429
     463
     444
     491
     478
     485
     515
     460
     441
     485
     462
     470
     468
     481
     459
     454
     452
     476
     499
     499
     490
     435
     491
     431
     475
     503
     504
     502
     467
     493
     515
     479
     507
     479
     462
     510
     440
     485
     507
     495
     508
     511
     482
     490
     488
     532
     481
     515
     493
     475
     528
     530
     528
     523
     508
     498
     507
     490
     472
     539
     515
     488
     462
     479
     498
     518
     477
     498
     479
     488
     481
     508
     514
     521
     508
     504
     528
     481
     519
     509
     487
     543
     480
     510
     510
     536
     533
     475
     462
     469
     487
     514
     521
     495
     480
     503
     464
     557
     493
     550
     543
     511
     488
     518
     569
     560
     532
     516
     529
     537
     556
     518
     535
     553
     554
     559
     560
     537
     462
     549
     534
     534
     541
     558
     577
     546
     534
     550
     571
     525
     504
     550
     555
     577
     567
     540
     546
     572
     568
     535
     563
     578
     561
     591
     612
     530
     530
     578
     583
     520
     557
     560
     536
     565
     544
     557
     549
     512
     579
     606
     561
     583
     598
     552
     558
     577
     605
     574
     574
     594
     561
     591
     607
     504
     589
     634
     585
     626
     561
     560
     631
     602
     591
     567
     581
     544
     617
     575
     591
     588
     641
     583
     609
     587
     608
     555
     616
     651
     638
     645
     596
     625
     616
     591
     633
     603
     638
     616
     631
     643
     609
     609
     640
     607
     585
     714
     639
     662
     629
     655
     581
     639
     646
     613
     641
     615
     697
     655
     626
     645
     611
     649
     663
     657
     665
     624
     651
     643
     640
     681
     653
     631
     631
     635
     664
     664
     681
     668
     646
     636
     646
     653
     685
     712
     666
     677
     621
     730
     668
     741
     708
     677
     669
     673
     626
     637
     681
     655
     675
     693
     658
     638
     652
     682
     685
     718
     644
     677
     684
     697
     765
     680
     676
     711
     694
     678
     669
     715
     700
     719
     686
     698
     648
     711
     675
     732
     720
     748
     709
     720
     701
     748
     751
     735
     693
     684
     726
     709
     725
     697
     758
     740
     711
     775
     759
     750
     688
     718
     717
     733
     748
     731
     747
     733
     748
     717
     746
     730
     726
     742
     798
     721
     707
     706
     739
     686
     702
     742
     700
     787
     729
     765
     724
     732
     708
     725
     725
     754
     754
     688
     668
     683
     702
     669
     669
     685
     661
     652
     656
     621
     629
     635
     619
     606
     599
     547
     584
     589
     556
     548
     527
     521
     511
     481
     517
     521
     515
     479
     463
     466
     432
     419
     451
     469
     428
     445
     421
     487
     428
     415
     431
     420
     446
     430
     421
     389
     407
     405
     406
     427
     409
     449
     387
     404
     410
     404
     387
     415
     397
     390
     384
     387
     409
     404
     367
     379
     387
     373
     389
     373
     381
     390
     392
     385
     360
     369
     385
     337
     371
     344
     337
     354
     357
     359
     358
     338
     323
     377
     330
     340
     367
     352
     314
     383
     349
     346
     309
     358
     332
     333
     352
     363
     312
     324
     359
     350
     342
     362
     338
     328
     335
     333
     343
     304
     355
     332
     331
     344
     323
     327
     318
     338
     323
     294
     334
     321
     327
     346
     285
     324
     327
     305
     320
     327
     310
     300
     314
     329
     340
     317
     295
     314
     331
     333
     299
     302
     322
     275
     283
     269
     344
     257
     308
     273
     293
     270
     292
     290
     306
     295
     310
     277
     289
     287
     281
     261
     289
     284
     271
     279
     266
     266
     278
     257
     288
     293
     269
     259
     280
     250
     292
     249
     266
     264
     248
     281
     261
     255
     249
     242
     244
     272
     250
     263
     245
     264
     245
     239
     249
     211
     226
     233
     254
     260
     236
     238
     233
     252
     222
     225
     213
     215
     215
     232
     233
     243
     221
     231
     201
     230
     198
     181
     180
     204
     221
     199
     205
     201
     161
     177
     203
     199
     182
     187
     196
     198
     187
     161
     202
     177
     182
     206
     180
     153
     179
     180
     177
     158
     183
     213
     152
     191
     159
     163
     168
     145
     163
     162
     152
     168
     162
     157
     151
     147
     145
     130
     123
     154
     148
     146
     142
     123
     128
     134
     129
     151
     130
      99
      97
     137
     132
     115
     135
     124
     116
     140
     122
     113
     132
     131
     107
     124
     123
     122
     116
     129
      93
     123
     121
     136
     110
     115
      83
     129
     120
     104
     107
      88
     112
     113
     100
     105
     103
     104
     105
      95
      99
     111
     102
     102
      83
      93
     101
      92
      92
      97
      82
      91
      79
      85
      92
      84
      79
      96
      86
      68
      88
      70
      82
      79
      79
      78
      78
      80
      91
      81
      70
     101
      70
      64
      89
      66
      75
      80
      74
      75
      84
      55
      66
      55
      57
      63
      74
      69
      64
      67
      75
      78
      70
      57
      61
      57
      85
      61
      55
      57
      79
      77
      92
      53
      69
      67
      48
      57
      64
      75
      61
      66
      70
      59
      58
      57
      72
      55
      74
      58
      64
      69
      73
      63
      66
      61
      54
      65
      61
      65
      73
      61
      69
      61
      63
      55
      49
      52
      57
      60
      57
      73
      50
      44
      50
      69
      57
      58
      55
      61
      54
      62
      69
      71
      63
      56
      51
      60
      52
      56
      62
      52
      54
      54
      63
      58
      57
      67
      48
      40
      53
      69
      79
      46
      73
      66
      57
      63
      64
      51
      42
      58
      51
      56
      48
      56
      58
      54
      67
      71
      55
      57
      67
      50
      53
      49
      45
      54
      71
      55
      40
      49
      43
      62
      66
      59
      57
      54
      55
      53
      61
      49
      46
      63
      45
      58
      56
      50
      57
      41
      55
      58
      43
      60
      40
      51
      52
      49
      44
      56
      51
      64
      48
      54
      50
      41
      42
      43
      52
      65
      39
      46
      57
      37
      47
      57
      50
      51
      45
      49
      53
      54
      50
      48
      51
      45
      51
      38
      51
      43
      64
      60
      48
      35
      46
      51
      45
      45
      54
      60
      66
      50
      55
      51
      70
      40
      69
      50
      55
      51
      55
      50
      53
      50
      71
      77
     101
     137
     170
     268
     387
     597
     923
    1309
    2067
    3153
    4793
    6862
    9965
   13755
   17803
   20649
   22077
   20477
   16904
   12595
    7905
    4570
    2201
     928
     392
     141
      73
      39
      30
      37
      27
      34
      38
      30
      31
      20
      40
      34
      24
      28
      32
      39
      25
      26
      35
      22
      29
      28
      29
      28
      22
      30
      28
      30
      23
      21
      30
      21
      16
      22
      25
      22
      20
      27
      14
      38
      22
      17
      24
      20
      22
      24
      26
      18
      18
      21
      19
      26
      25
      16
      26
      27
      24
      17
      26
      13
      24
      19
      24
      20
      19
      19
      19
      15
      31
      19
      17
      23
      21
      20
      14
      27
      30
      23
      19
      18
      26
      18
      26
      21
      20
      26
      22
      22
      19
      16
      20
      24
      28
      15
      21
      18
      16
      19
      22
      29
      17
      22
      23
      27
      17
      19
      28
      20
      22
      27
      19
      17
      20
      16
      18
      18
      19
      28
      15
      17
      22
      19
      24
      26
      18
      13
      13
      24
      21
      15
      23
      15
      15
      17
      20
      17
      18
      28
      20
      22
      19
      25
      17
      18
      22
      15
      21
      21
      19
      26
      13
      17
      32
      17
      21
      18
      24
      11
      27
      22
      26
      13
      21
      25
      18
      20
      17
      15
      13
      20
      17
      19
      23
      24
      16
      17
      20
      16
      12
      18
      13
      10
      22
      26
      19
      15
      20
      22
      29
      21
      11
      23
       6
      18
      21
      20
      20
      26
      13
      20
      15
      17
      21
      19
      13
      21
      22
      17
      21
      14
      16
      21
      23
      14
      14
      33
      16
      10
      20
      10
      15
      14
      19
      22
      14
      13
      16
      24
      20
      22
      16
      16
      15
      14
      20
      16
      22
      23
      14
      17
      14
      13
      22
      17
      18
      16
      23
      17
      15
      12
      20
      13
      15
      13
      12
      18
      20
      10
      18
      14
      17
      10
      19
      18
      16
      17
      19
      14
      16
      15
      19
      18
      20
       6
      21
      13
      19
      15
       9
      18
      17
      16
      12
      14
      17
      13
      19
      16
      11
      29
      11
      22
      18
      10
      12
      10
      10
      19
      14
      16
       8
      14
      14
      15
      19
      19
      20
      16
      15
      21
      19
      12
      18
      19
      18
      13
      14
      18
      17
       8
      16
      18
      15
      14
      13
      17
      15
      15
      14
      16
      13
      15
      14
      18
      11
      14
      12
      17
      17
      16
      13
      10
      16
      11
      17
      17
      14
      15
      10
       8
      12
       9
      17
      13
      14
      16
      23
      13
      17
       6
      14
      17
      13
      17
      14
      18
      19
      11
      13
      15
      13
      13
      13
       8
      20
      16
       9
      13
      13
      15
      16
      10
      15
      16
      19
      13
      15
       9
      17
      16
      15
      13
      12
      11
      17
      11
      12
      17
      10
      12
      20
      13
      10
      13
      12
      15
      16
      12
      15
      13
      13
      11
      17
      19
      15
      15
      15
      19
      10
      15
      12
      13
       8
      15
      14
      14
      14
      14
      12
      21
       8
      19
      15
      14
       9
      16
      11
      11
      16
      20
      16
      17
      19
      12
       9
      20
      17
      19
      13
       9
      14
      13
      14
      17
      13
      17
      13
      15
      13
      12
      12
      14
      10
      17
      11
       7
      19
      15
      17
      10
      18
      13
      15
      17
      17
      19
      12
      20
      25
      20
      12
      35
      29
      31
      28
      27
      21
      17
      11
      20
      11
       9
      10
      14
      21
      14
      10
      12
      15
      14
      13
      15
       9
      10
      14
       9
      11
      14
       9
      11
      12
      10
      11
      11
      11
       9
      12
      17
      12
      12
      12
      16
      15
      14
       8
      12
      12
       9
      14
      14
      11
       8
       8
      12
      11
      15
      14
      10
      17
      12
       8
      12
      16
      14
      18
      18
      10
      15
      11
      17
       7
      16
      12
      11
      11
      12
      10
       8
      20
      13
      12
      10
      17
      12
      10
      16
      12
      10
      15
      14
      12
      16
      12
      15
      18
      19
      12
      17
      10
       7
      11
      12
      13
       8
      18
      16
      10
       9
      14
      13
      12
      12
      10
       9
      12
      17
       9
      11
      12
      10
       9
      12
      12
      10
      13
      11
      13
      15
      13
      12
      14
      15
      10
      16
       9
      12
       9
      13
      10
       7
      18
       8
      13
      11
      14
      11
      13
      11
      13
       9
      12
      12
      12
      15
       8
       8
       9
      13
      10
      14
      12
      11
      15
       8
       6
       5
       6
      17
      17
      16
      20
      10
      13
      10
      17
      15
       7
      13
      14
       8
       6
       9
       6
      17
      16
       9
      14
      13
       8
      15
      11
      13
      10
      16
      14
       9
      17
      18
       6
      10
      18
      11
      11
      17
      18
      13
      11
       9
       3
      16
      14
      13
      15
      10
      15
      18
      11
      10
      16
       9
      14
       7
      10
      11
      11
      13
       8
      17
       7
      18
       9
      12
       6
      13
      10
       8
      13
      15
      11
      17
      13
      20
      12
      14
      20
       8
      12
       8
      17
       9
      11
      10
      11
      13
      12
       5
      14
      11
      10
      13
       8
      13
      17
       9
      15
      10
      10
      21
       7
      12
      10
      11
      10
      15
      11
      15
      13
      12
       8
      18
       9
      14
      15
      15
       9
      16
       8
      15
       9
       8
       9
      15
       8
       8
      10
      12
      10
      20
      11
       5
      13
      14
       8
      10
       6
      12
       4
      13
       6
      11
      11
      12
       7
      18
      10
       9
      10
      15
       7
      14
       5
      10
       7
       6
      11
       9
      12
      12
       5
       8
      11
      13
      11
      14
      10
      12
      11
       5
      11
       7
       4
       4
      11
      10
       7
      10
       7
      15
      16
       8
      10
      11
      10
      10
       8
      16
      11
       3
      13
       5
       5
       6
      12
      10
      10
      10
       7
       6
       6
      10
       8
       5
      11
      13
      11
       6
       9
       9
       7
       8
      12
       9
       7
       5
       5
      12
       9
      13
      11
       9
       8
      13
      14
      12
       7
      10
       7
       9
       7
      11
       6
       7
       7
       4
       4
       8
      11
      11
       4
       2
       4
      11
       6
       5
       9
      12
       5
       9
       8
       6
       7
       6
       7
      12
       7
      11
       8
       7
       5
       4
       4
       5
       6
       8
      12
      11
       7
       6
       5
       2
       4
       8
       2
       6
       7
       7
       8
       5
       6
       6
       8
       3
       7
       4
       5
       3
       4
       6
       2
       9
       4
       5
       6
       7
       6
       2
       8
       6
       6
       3
       7
       4
       6
      11
       4
       8
       6
       9
       6
       5
       2
       4
       6
       4
       8
       6
       2
       7
       7
       3
       4
       4
       7
       2
       3
       3
       4
       4
       5
       6
       6
       2
       5
       9
       6
       4
       7
       6
       7
       1
       5
       6
       3
      11
       1
       5
       6
       2
       4
       5
       7
       2
       5
       4
       2
       3
       5
       4
       3
       4
       4
       8
       4
       5
       8
       6
       1
       4
       5
       5
       5
       1
       4
       1
       2
       7
       1
       4
       5
       3
       6
       2
       4
       5
       2
       1
       3
       4
       4
       1
       4
       5
       2
       3
       9
       5
       6
       3
       2
       4
       5
       4
      10
       3
       7
       5
       2
       5
       4
       4
       6
       3
       4
       1
       0
       4
       3
       0
       5
       5
       5
       3
       3
       4
       4
       4
       4
       2
       3
       3
       3
       2
       7
       2
       1
       3
       8
       2
       1
       2
       1
       7
       1
       6
       4
       3
       2
       5
       4
       4
       5
       1
       9
       1
       5
       8
       1
       1
       0
       1
       3
       4
       5
       3
       4
       7
       5
       4
       1
       0
       2
       4
       2
       3
       0
       6
       1
       3
       2
       4
       3
       5
       1
       2
       3
       2
       2
       2
       6
       3
       2
       5
       4
       0
       1
       2
       3
       0
       5
       2
       4
       4
       1
       3
       1
       5
       3
       2
       5
       5
       3
       1
       4
       4
       3
       1
       5
       5
       3
       4
       4
       4
       2
       1
       2
       3
       2
       1
       3
       3
       4
       2
       2
       5
       1
       5
       4
       2
       3
       4
       2
       6
       5
       4
       3
       0
       3
       4
       2
       3
       4
       1
       4
       2
       6
       3
       2
       3
       4
       1
       4
       0
       3
       4
       2
       1
       2
       6
       1
       2
       3
       3
       2
       4
       3
       3
       1
       1
       1
       3
       2
       3
       3
       3
       2
       3
       3
       1
       5
       1
       4
       2
       2
       6
       2
       4
       1
       2
       4
       3
       4
       3
       2
       2
       5
       1
       7
       1
       2
       0
       2
       0
       2
       3
       3
       4
       2
       3
       2
       4
       2
       1
       3
       1
       4
       2
       1
       3
       1
       0
       3
       4
       7
       6
       2
       4
       5
       8
       5
       4
       1
       4
       6
       4
       4
       3
       2
       2
       1
       3
       4
       6
       2
       3
       6
       0
       3
       3
       1
       2
       2
       3
       2
       6
       6
       4
       3
       4
       4
       4
       4
       5
       3
       6
      10
      14
      13
      13
       9
      15
      14
      25
      29
      37
      37
      40
      63
      71
      84
      82
      84
      77
      82
      68
      58
      48
      23
      14
      20
       4
       1
       8
       2
       1
       3
       1
       3
       2
       4
       0
       1
       1
       5
       0
       2
       3
       1
       1
       0
       3
       1
       1
       0
       1
       0
       3
       0
       4
       1
       1
       1
       1
       2
       3
       2
       1
       2
       0
       2
       1
       3
       1
       0
       1
       1
       0
       1
       3
       1
       1
       2
       1
       2
       0
       2
       0
       2
       1
       0
       0
       2
       2
       2
       1
       1
       2
       3
       1
       1
       0
       1
       0
       2
       1
       0
       1
       1
       1
       1
       0
       1
       2
       1
       1
       3
       1
       0
       3
       0
       0
       2
       0
       0
       2
       0
       1
       1
       1
       1
       2
       1
       1
       1
       0
       1
       1
       1
       2
       0
       0
       1
       2
       2
       1
       4
       2
       1
       4
       0
       1
       0
       0
       0
       1
       1
       1
       3
       0
       1
       1
       1
       2
       2
       2
       0
       1
       1
       1
       2
       0
       1
       1
       1
       2
       0
       1
       1
       2
       2
       3
       1
       2
       0
       2
       3
       0
       2
       0
       1
       1
       0
       0
       1
       1
       0
       0
       0
       0
       3
       0
       1
       2
       1
       1
       1
       2
       1
       2
       0
       3
       1
       1
       0
       0
       4
       1
       0
       1
       0
       0
       0
       1
       0
       2
       0
       2
       2
       2
       0
       0
       1
       3
       2
       0
       2
       2
       1
       1
       1
       1
       0
       1
       2
       1
       3
       1
       2
       1
       0
       1
       2
       1
       1
       1
       2
       3
       1
       0
       0
       2
       2
       0
       1
       0
       2
       1
       2
       0
       2
       0
       4
       2
       2
       1
       1
       2
       0
       3
       0
       1
       1
       1
       1
       2
       0
       0
       1
       0
       1
       1
       1
       1
       0
       3
       1
       2
       1
       0
       2
       0
       3
       1
       1
       0
       1
       1
       1
       1
       0
       0
       1
       1
       2
       0
       2
       0
       3
       0
       1
       2
       2
       2
       0
       1
       1
       0
       3
       1
       0
       1
       0
       0
       2
       1
       3
       2
       1
       0
       1
       2
       2
       0
       1
       0
       1
       1
       1
       0
       1
       2
       2
       0
       2
       0
       3
       1
       1
       0
       1
       3
       0
       0
       0
       1
       0
       0
       0
       2
       1
       2
       1
       2
       2
       2
       0
       1
       1
       0
       2
       0
       1
       0
       1
       0
       0
       2
       1
       1
       1
       0
       2
       1
       2
       0
       2
       0
       0
       1
       0
       2
       1
       1
       1
       1
       1
       1
       1
       1
       0
       0
       0
       0
       1
       1
       2
       1
       2
       2
       1
       1
       3
       0
       1
       1
       1
       1
       2
       0
       1
       1
       3
       0
       1
       1
       1
       1
       2
       0
       1
       0
       0
       0
       2
       0
       0
       0
       0
       0
       0
       0
       1
       2
       1
       0
       0
       1
       0
       1
       1
       1
       1
       2
       0
       0
       0
       1
       1
       2
       0
       0
       0
       1
       0
       0
       1
       1
       1
       0
       1
       0
       0
       0
       0
       0
       2
       2
       0
       0
       1
       2
       0
       2
       1
       1
       0
       2
       0
       1
       2
       0
       2
       2
       0
       0
       0
       0
       2
       1
       1
       2
       0
       0
       0
       1
       1
       1
       1
       0
       1
       1
       2
       0
       0
       1
       0
       3
       2
       4
       2
       3
       1
       0
       0
       0
       1
       2
       0
       1
       0
       2
       0
       2
       0
       0
       0
       0
       0
       0
       1
       1
       0
       2
       1
       1
       1
       0
       2
       2
       0
       1
       1
       1
       0
       0
       0
       0
       0
       0
       0
       2
       0
       0
       0
       0
       1
       0
       0
       3
       0
       0
       0
       0
       0
       1
       3
       1
       0
       1
       2
       0
       1
       0
       0
       0
       0
       0
       0
       0
       0
       2
       1
       0
       0
       2
       2
       0
       1
       0
       0
       2
       0
       0
       1
       0
       0
       0
       2
       1
       2
       1
       0
       1
       1
       0
       1
       0
       0
       1
       0
       0
       1
       0
       0
       2
       1
       1
       0
       1
       1
       0
       1
       0
       1
       2
       4
       2
       1
       2
       2
       0
       0
       2
       1
       0
       1
       3
       3
       0
       2
       0
       0
       2
       3
       1
       1
       0
       1
       0
       2
       0
       1
       3
       2
       1
       1
       1
       2
       0
       2
       0
       1
       0
       2
       1
       0
       0
       1
       1
       3
       0
       0
       1
       0
       0
       0
       0
       0
       2
       0
       0
       0
       1
       0
       0
       0
       1
       4
       1
       1
       3
       1
       0
       0
       0
       0
       0
       2
       1
       3
       0
       1
       1
       2
       0
       0
       1
       0
       1
       0
       0
       0
       2
       1
       0
       0
       1
       0
       0
       0
       0
       0
       0
       0
       1
       0
       1
       3
       3
       1
       0
       0
       0
       1
       0
       1
       0
       2
       0
       0
       0
       1
       0
       0
       0
       0
       3
       0
       0
       0
       0
       0
       1
       1
       0
       1
       2
       2
       0
       2
       1
       1
       0
       1
       0
       0
       0
       1
       1
       1
       0
       0
       0
       0
       1
       1
       0
       1
       0
       1
       2
       1
       0
       3
       0
       0
       1
       1
       2
       2
       2
       1
       0
       1
       1
       2
       3
       0
       0
       1
       0
       1
       0
       0
       0
       1
       0
       0
       0
       1
       1
       1
       2
       0
       0
       1
       3
       1
       0
       1
       1
       0
       0
       0
       0
       0
       1
       0
       1
       1
       1
       3
       1
       0
       0
       0
       1
       1
       0
       0
       1
       1
       0
       0
       0
       1
       3
       1
       3
       1
       0
       2
       1
       0
       1
       0
       0
       0
       1
       1
       2
       1
       0
       0
       0
       0
       0
       0
       0
       0
       1
       1
       0
       1
       1
       1
       1
       2
       0
       0
       0
       0
       0
       1
       1
       0
       1
       1
       1
       0
       2
       0
       1
       0
       0
       0
       1
       0
       0
       0
       0
       0
       0
       0
       0
       0
       0
       1
       0
       0
       1
       1
       1
       0
       0
       2
       1
       0
       0
       1
       0
       0
       0
       0
       1
       0
       0
       1
       0
       0
       2
       1
       0
       1
       1
       0
       0
       0
       0
       0
       0
       0
       0
       0
       0
       1
       0
       0
       0
       0
       1
       0
       0
       0
       2
       0
       0
       1
       0
       1
       0
       0
       0
       0
       0
       2
       0
       0
       0
       0
       0
       1
       0
       0
       0
       0
       1
       1
       0
       0
       1
       0
       0
       2
       0
       0
       0
       0
       0
       1
       0
       1
       1
       1
       0
       0
       2
       0
       1
       0
       0
       0
       3
       2
       0
       0
       0
       0
       1
       0
       0
       0
       0
       0
       1
       1
       0
       1
       0
       0
       0
       0
       0
       1
       0
       0
       0
       0
       0
       0
       1
       0
       0
       0
       0
       0
       1
       0
       1
       1
       0
       1
       0
       0
       0
       1
       0
       0
       1
       0
       0
       2
       0
       0
       1
       0
       0
       0
       0
       1
       1
       1
       1
       0
       1
       0
       0
       0
       0
       0
       0
       0
       0
       0
       1
       0
       1
       1
       0
       0
       0
       0
       0
       1
       0
       0
       1
       1
       0
       0
       0
       0
       1
       0
       0
       0
       0
       0
       0
       1
       0
       1
       0
       0
       1
       0
       0
       0
       2
       2
       1
       0
       0
       0
       0
       1
       0
       0
       2
       0
       1
       1
       1
       1
       1
       0
       0
       0
       1
       0
       1
       0
       0
       0
       1
       0
       1
       0
       1
       0
       0
       0
       0
       0
       0
       2
       0
       1
       1
       1
       1
       0
       1
       0
       1
       0
       0
       0
       0
       0
       0
       0
       1
       0
       0
       1
       0
       1
       0
       0
       0
       0
       1
       0
       0
       0
       1
       0
       1
       0
       0
       1
       0
       1
       2
       1
       2
       0
       0
       0
       0
       1
       1
       1
       1
       2
       0
       0
       0
       0
       0
       1
       0
       0
       0
       0
       0
       0
       1
       0
       0
       0
       0
       0
       1
       0
       1
       1
       0
       0
       2
       1
       0
       0
       0
       0
       0
       1
       0
       0
       0
       0
       0
       0
       0
       2
       0
       0
       0
       1
       1
       1
       1
       1
       0
       1
       0
       0
       0
       1
       0
       1
       0
       0
       0
       0
       1
       0
       1
       0
       1
       0
       0
       0
       1
       0
       2
       0
       0
       0
       1
       0
       0
       0
       0
       0
       0
       0
       0
       2
       1
       2
       0
       1
       0
       0
       0
       0
       1
       0
       0
       2
       0
       1
       0
       0
       0
       1
       0
       0
       0
       0
       0
       0
       0
       3
       0
       0
       0
       0
       1
       0
       0
       0
       1
       0
       0
       0
       0
       1
       0
       1
       1
       0
       0
       0
       0
       0
       0
       0
       0
       0
       0
       0
       0
       0
       2
       0
       0
       1
       2
       0
       1
       1
       0
       2
       0
       0
       0
       0
       1
       1
       2
       3
       0
       0
       0
       1
       1
       0
       0
       0
       1
       1
       2
       1
       0
       0
       1
       1
       0
       0
       0
       0
       0
       1
       0
       2
       1
       1
       0
       0
       1
       0
       1
       2
       0
       0
       1
       0
       1
       0
       0
       0
       0
       0
       0
       0
       0
       0
       1
       0
       1
       1
       0
       0
       1
       1
       0
       0
       0
       0
       0
       0
       1
       0
       0
       1
       1
       0
       0
       0
       2
       0
       0
       0
       1
       0
       0
       1
       0
       0
       0
       1
       2
       1
       1
       0
       1
       0
       0
       0
       2
       1
       0
       0
       0
       1
       0
       0
       1
       1
       1
       0
       0
       0
       0
       0
       0
       0
       0
       2
       1
       0
       0
       0
       1
       0
       0
       0
       0
       1
       0
       1
       0
       1
       0
       0
       1
       0
       0
       0
       0
       0
       0
       1
       0
       0
       0
       0
       0
       0
       0
       1
       2
       0
       0
       0
       1
       0
       0
       0
       0
       1
       0
       0
       1
       0
       0
       0
       0
       0
       0
       0
       0
       0
       0
       0
       1
       1
       0
       1
       1
       0
       0
       0
       0
       0
       0
       0
       0
       1
       0
       1
       0
       0
       0
       0
       0
       0
       0
       0
       0
       0
       0
       0
       0
       0
       0
       0
       0
       0
       0
       0
       0
       0
       0
       0
       0
       0
       0
       0
       0
       0
       0
       0
       1
       0
       0
       1
       0
       0
       0
       0
       0
       0
       0
       0
       0
       0
       0
       0
       0
       0
       1
       0
       1
       1
       0
       0
       0
       0
       0
       1
       0
       0
       1
       0
       0
       0
       0
       0
       0
       0
       0
       1
       0
       0
       0
       0
       0
       0
       2
       0
       0
       2
       0
       0
       0
       0
       0
       0
       0
       0
       0
       0
       0
       0
       0
       0
       0
       0
       0
       1
       0
       0
       1
       1
       0
       0
       1
       0
       1
       0
       0
       0
       2
       0
       0
       0
       0
       0
       0
       0
       2
       0
       0
       0
       2
       0
       0
       0
       0
       1
       0
       1
       2
       1
       0
       0
       0
       0
       0
       0
       0
       0
       0
       0
       0
       0
       1
       0
       0
       0
       1
       0
       0
       0
       0
       0
       0
       0
       0
       0
       1
       1
       0
       1
       0
       0
       0
       0
       0
       0
       2
       0
       0
       0
       0
       0
       0
       0
       0
       0
       0
       0
       0
       0
       0
       0
       0
       0
       0
       0
       0
       0
       2
       0
       0
       0
       0
       1
       0
       0
       0
       0
       0
       1
       0
       0
       0
       0
       0
       0
       0
       0
       0
       1
       0
       0
       1
       0
       2
       0
       0
       0
       0
       1
       0
       0
       0
       0
       0
       0
       1
       1
       0
       0
       0
       1
       0
       0
       0
       0
       0
       0
       0
       0
       0
       0
       0
       0
       0
       0
       0
       0
       0
       0
       0
       0
       0
       1
       0
       0
       0
       0
       0
       0
       0
       0
       0
       0
       0
       0
       0
       0
       1
       1
       0
       0
       0
       0
       0
       0
       0
       0
       0
       0
       0
       0
       0
       0
       0
       0
       1
       0
       0
       0
       0
       0
       0
       0
       1
       0
       0
       0
       0
       0
       1
       0
       0
       0
       0
       0
       0
       0
       0
       0
       0
       0
       1
       0
       0
       1
       0
       0
       0
       0
       1
       0
       2
       0
       0
       0
       0
       0
       0
       0
       0
       0
       0
       0
       0
       1
       0
       0
       0
       0
       0
       0
       0
       0
       0
       0
       0
       0
       0
       0
       0
       0
       1
       1
       0
       0
       0
       0
       0
       0
       0
       0
       1
       0
       0
       0
       0
       0
       0
       0
       2
       0
       0
       0
       0
       0
       0
       0
       0
       0
       0
       0
       0
       0
       0
       0
       0
       0
       0
       0
       0
       0
       0
       0
       0
       0
       0
       0
       0
       0
       0
       0
       0
       0
       0
       0
       0
       0
       0
       0
       1
       0
       0
       0
       0
       1
       1
       0
       0
       0
       0
       0
       0
       0
       1
       0
       0
       0
       0
       0
       0
       0
       1
       0
       0
       0
       0
       1
       0
       0
       1
       0
       0
       0
       0
       0
       0
       0
       0
       0
       1
       1
       1
       1
       0
       0
       0
       0
       0
       0
       0
       0
       2
       0
       0
       0
       1
       0
       1
       0
       0
       0
       0
       0
       0
       0
       1
       0
       1
       0
       1
       1
       0
       1
       0
       0
       0
       0
       0
       0
       0
       0
       0
       0
       0
       0
       0
       0
       0
       0
       0
       0
       0
       0
       0
       0
       0
       0
       0
       0
       0
       0
       0
       0
       0
       1
       0
       0
       0
       0
       0
       0
       0
       0
       0
       0
       0
       0
       0
       0
       1
       0
       0
       0
       1
       0
       0
       0
       0
       0
       0
       0
       0
       0
       0
       0
       0
       0
       0
       0
       0
       0
       0
       1
       0
       0
       0
       0
       0
       0
       0
       0
       0
       0
       0
       0
       0
       0
       0
       0
       0
       0
       0
       0
       0
       0
       0
       0
       0
       0
       0
       0
       0
       0
       1
       0
       0
       0
       0
       0
       0
       0
       0
       0
       0
       0
       0
       0
       0
       0
       0
       0
       0
       0
       0
       0
       0
       0
       0
       2
       0
       0
       1
       0
       0
       0
       0
       0
       0
       0
       0
       0
       0
       0
       0
       0
       0
       0
       1
       0
       0
       1
       1
       0
       0
       0
       0
       0
       0
       0
       1
       0
       0
       0
       1
       0
       0
       0
       0
       0
       0
       1
       3
       4
       1
       3
       0
       5
       2
       1
       1
       0
       1
       0
       0
       0
       0
       0
       0
       0
       0
       0
       0
       0
       0
       0
       0
       0
       0
       0
       0
       0
       0
       1
       0
       0
       0
       0
       0
       0
       0
       0
       0
       0
       0
       0
       0
       0
       0
       0
       0
       0
       0
       0
       0
       0
       0
       0
       0
       0
       0
       0
       0
       0
       0
       1
       0
       0
       0
       0
       0
       0
       0
       0
       0
       0
       0
       0
       0
       0
       0
       0
       0
       0
       0
       0
       0
       0
       0
       0
       0
       0
       0
       0
       0
       0
       0
       0
       0
       0
       0
       0
       0
       0
       0
       0
       0
       0
       0
       0
       0
       0
       0
       0
       0
       0
       0
       0
       0
       0
       0
       0
       0
       0
       0
       0
       0
       0
       0
       1
       0
       0
       0
       0
       0
       0
       0
       0
       0
       0
       0
       0
       0
       0
       0
       0
       0
       0
       0
       0
       0
       0
       0
       0
       0
       0
       0
       0
       0
       0
       0
       0
       0
       0
       0
       0
       0
       0
       0
       0
       0
       0
       0
       0
       0
       0
       0
       0
       0
       0
       0
       0
       0
       0
       0
       0
       0
       0
       0
       0
       0
       0
       0
       0
       0
       0
       0
       0
       0
       0
       0
       0
       0
       0
       0
       0
       0
       0
       0
       0
       0
       0
       0
       0
       0
       0
       0
       0
       0
       0
       0
       0
       0
       0
       0
       0
       0
       0
       0
       0
       0
       0
       0
       0
       0
       0
       0
       0
       0
       0
       0
       0
       0
       0
       0
       0
       0
       0
       0
       0
       0
       0
       0
       0
       0
       0
       0
       0
       0
       0
       0
       0
       0
       0
       0
       0
       0
       0
       0
       0
       0
       0
       0
       0
       0
       0
       0
       0
       0
       0
       0
       0
       0
       0
       0
       0
       0
       0
       0
       0
       0
       0
       0
       0
       0
       0
       1
       0
       0
       0
       0
       0
       0
       0
       0
       0
       0
       0
       0
       0
       0
       0
       0
       0
       0
       0
       0
       0
       0
       0
       0
       0
       0
       0
       0
       0
       0
       0
       0
       0
       0
       0
       0
       0
       0
       0
       0
       0
       0
       0
       0
       0
       0
       0
       0
       0
       0
       0
       1
       0
       0
       0
       0
       0
       0
       0
       0
       0
       0
       0
       0
       0
       0
       0
       0
       0
       0
       0
       0
       0
       0
       0
       0
       0
       0
       0
       0
       0
       0
       0
       0
       0
       0
       0
       0
       1
       0
       0
       0
       0
       0
       0
       0
       0
       0
       0
       0
       0
       0
       0
       0
       0
       0
       0
       0
       0
       0
       0
       0
       0
       0
       0
       0
       0
       0
       0
       0
       0
       0
       0
       0
       0
       0
       0
       0
       0
       0
       0
       0
       0
       0
       0
       0
       0
       0
       0
       0
       0
       0
       0
       0
       0
       0
       0
       0
       0
       0
       0
       0
       0
       0
       0
       0
       0
       0
       0
       0
       0
       0
       0
       0
       1
       0
       0
       0
       0
       0
       0
       0
       0
       0
       0
       0
       0
       0
       0
       0
       0
       0
       0
       0
       0
       0
       0
       0
       0
       0
       0
       0
       0
       0
       0
       0
       0
       0
       0
       0
       0
       0
       0
       0
       0
       0
       0
       0
       0
       0
       0
       0
       0
       0
       0
       0
       0
       0
       0
       0
       0
       0
       0
       0
       0
       0
       0
       0
       0
       0
       0
       0
       0
       0
       0
       0
       0
       0
       0
       0
       0
       0
       0
       0
       0
       0
       0
       0
       0
       0
       0
       0
       0
       0
       0
       0
       0
       0
       0
       0
       0
       0
       0
       0
       0
       0
       0
       1
       0
       0
       0
       0
       0
       0
       0
       0
       0
       0
       0
       0
       0
       0
       0
       0
       0
       0
       0
       0
       0
       0
       0
       0
       0
       0
       0
       0
       0
       0
       0
       0
       0
       0
       0
       0
       0
       0
       0
       0
       0
       0
       0
       0
       0
       0
       0
       0
       0
       0
       0
       0
       0
       0
       0
       0
       0
       0
       0
       0
       0
       0
       0
       0
       0
       0
       0
       0
       0
       0
       0
       1
       0
       0
       0
       0
       0
       0
       0
       0
       0
       0
       0
       0
       0
       0
       0
       0
       0
       0
       0
       0
       0
       0
       0
       0
       0
       0
       0
       0
       0
       0
       0
       0
       0
       0
       0
       0
       0
       0
       0
       0
       0
       0
       0
       0
       0
       0
       0
       0
       0
       0
       0
       0
       0
       0
       0
       0
       0
       0
       0
       0
       0
       0
       0
       0
       0
       0
       0
       0
       0
       0
       0
       0
       0
       0
       0
       0
       0
       0
       0
       0
       0
       0
       0
       0
       0
       0
       0
       0
       0
       0
       0
       0
       0
       0
       0
       0
       0
       0
       0
       0
       0
       0
       0
       0
       0
       0
       0
       0
       0
       0
       0
       0
       0
       0
       0
       0
       0
       0
       0
       0
       0
       0
       0
       0
       0
       0
       0
       0
       0
       0
       0
       0
       0
       0
       0
       0
       0
       0
       0
       0
       0
       0
       0
       0
       0
       0
       0
       0
       0
       0
       0
       0
       0
       0
       0
       0
       0
       0
       0
       0
       0
       0
       0
       0
       0
       0
       0
       0
       0
       0
       0
       0
       0
       0
       0
       0
       0
       0
       0
       0
       0
       0
       0
       0
       0
       0
       0
       0
       0
       0
       0
       0
       0
       0
       0
       0
       0
       0
       0
       0
       0
       0
       0
       0
       0
       0
       0
       0
       0
       0
       0
       0
       0
       0
       0
       0
       0
       0
       0
       0
       0
       0
       0
       0
       0
       0
       0
       0
       0
       0
       0
       0
       0
       0
       0
       0
       0
       0
       0
       0
       0
       0
       0
       0
       0
       0
       0
       0
       0
       0
       0
       0
       0
       0
       0
       0
       0
       0
       0
       0
       0
       0
       0
       0
       0
       0
       0
       0
       0
       0
       0
       0
       0
       0
       0
       0
       0
       0
       0
       0
       0
       0
       0
       0
       0
       0
       0
       0
       0
       0
       0
       0
       0
       0
       1
       0
       0
       0
       0
       0
       0
       0
       0
       0
       0
       0
       0
       0
       0
       0
       0
       0
       0
       0
       0
       0
       0
       0
       0
       0
       0
       0
       0
       0
       0
       0
       0
       0
       0
       0
       0
       0
       0
       0
       1
       0
       0
       0
       0
       1
       0
       0
       0
       0
       0
       0
       0
       0
       0
       0
       0
       0
       0
       0
       0
       0
       0
       0
       0
       0
       0
       0
       0
       0
       0
       0
       0
       0
       0
       0
       0
       0
       0
       0
       0
       0
       0
       0
       0
       0
       0
       0
       0
       0
       0
       0
       0
       0
       0
       0
       0
       0
       0
       0
       0
       0
       0
       0
       0
       0
       0
       0
       0
       0
       0
       0
       0
       0
       0
       0
       0
       0
       0
       0
       0
       0
       0
       0
       0
       0
       0
       0
       0
       0
       0
       0
       1
       0
       0
       0
       0
       0
       0
       0
       0
       0
       0
       0
       0
       0
       0
       0
       0
       0
       0
       0
       0
       0
       0
       0
       0
       0
       0
       0
       0
       0
       0
       0
       0
       0
       0
       0
       0
       0
       0
       0
       0
       0
       0
       0
       0
       0
       0
       0
       0
       0
       0
       0
       0
       0
       0
       0
       0
       0
       0
       0
       0
       0
       0
       0
       0
       0
       0
       0
       0
       0
       0
       0
       0
       0
       0
       0
       0
       0
       0
       0
       0
       0
       0
       0
       0
       0
       0
       0
       0
       0
       0
       0
       0
       0
       0
       0
       0
       0
       0
       0
       0
       0
       0
       0
       0
       0
       0
       0
       0
       0
       0
       0
       0
       0
       0
       0
       0
       0
       0
       0
       0
       0
       0
       0
       0
       0
       0
       0
       0
       0
       0
       0
       0
       0
       0
       0
       0
       0
       0
       0
       0
       0
       0
       0
       0
       0
       0
       0
       0
       0
       0
       0
       0
       0
       0
       0
       0
       0
       0
       0
       0
       0
       0
       0
       0
       0
       0
       0
       0
       0
       0
       0
       0
       0
       0
       0
       0
       0
       0
       0
       0
       0
       0
       0
       0
       0
       0
       0
       0
       0
       0
       0
       0
       0
       0
$ROI:
0
$PRESETS:
None
0
0
$ENER_FIT:
-10.967808 0.378418
$MCA_CAL:
3
-1.096781E+001 3.784181E-001 0.000000E+000 keV
$SHAPE_CAL:
3
1.249391E+001 -1.421730E-003 0.000000E+000
