150.047461948295
149.000049988462
138.637497707203
134.076737552514
129.813697663621
130.701482996538
142.880437940383
163.719273394208
176.183408476784
187.271724390245
180.461020516013
166.740345319970
164.372504111919
182.660964885680
190.117251343813
206.779867563255
228.223102664235
244.126993148675
264.490521145898
271.489819376958
275.969552252960
301.843175751239
317.346102682524
344.390765026576
381.112553634224
407.557958555843
441.078360871709
476.323225388877
524.990848319287
542.402016240885
564.565729725965
595.757552504965
604.970395582683
644.330694450573
636.335616949516
603.073417806355
558.752269275629
525.296322736726
490.640135286984
495.661270535316
523.084613598142
552.231226264453
595.861019120997
647.822927143434
710.892802191753
772.706557222881
822.054709358544
891.711510725911
946.289634562590
1007.09993383146
1089.08428143995
1151.27667123767
1261.22796652515
1385.76619013643
1494.38943158915
1602.57282395593
1745.16911302177
1838.98837439057
1952.29297666420
2098.57766943556
2244.37441223435
2414.49076400902
2616.72809906485
2791.61105629924
3006.48960266411
3127.14021638121
3147.42754259830
2955.07192279958
2659.57537499758
2373.48263420961
2152.45019250737
2048.77396116796
2132.01600730403
2287.63904476494
2433.02626403508
2629.42315228640
2830.86286457467
3019.69631481193
3282.30618237306
3528.00542237460
3863.26384715526
4213.80547961778
4569.81902395361
4952.20895787471
5355.58094347585
5785.81817284340
6246.43243562676
6770.81911170129
7221.48615088639
7772.87651107513
8339.72088994907
8921.66460397024
9619.31276751388
10379.3611484551
11144.2649901781
11928.6052222766
12804.1740911283
13444.0657536989
13867.9823722745
13403.9052586070
11905.6495882319
9968.88031623029
8200.67517168765
6944.16769951690
6548.06559759270
6707.12985061487
6969.60020668102
7384.11791079043
8009.96250425462
8528.19730362513
9124.57960672714
9914.92121183181
10669.5286983077
11553.0509061229
12501.6822982339
13545.6945498487
14782.6959864328
15988.3767331500
17304.5588908095
18731.4539795374
20332.4019811895
22137.3272350116
23931.2152891718
25975.7876937652
28085.1227538921
30539.8338304668
32999.2752259137
35625.2688827090
38156.0565497166
40727.6201644341
42756.5809187726
42243.6547569202
37508.9538371889
29697.8271924759
20469.6540561996
12039.7261576581
6533.04427795405
3916.00923305150
2806.23348682379
2248.21768224989
1873.79538344648
1611.59891683550
1394.23261879400
1224.25828806228
1093.90889504496
1001.71132412499
924.936958710945
854.925385821445
800.560492986644
755.183240265422
706.713423902168
656.652924833005
623.180351232426
589.208660201358
566.875081233534
538.743245160942
516.609189237573
496.305299673115
473.917776833653
448.456957760231
423.170565450826
410.966285172088
395.258278114076
379.844798296885
357.879330185803
342.600960888555
330.106112493187
308.351491437374
279.460268809404
265.700491727064
233.808069933796
213.210114134691
201.761651135784
195.877933418143
177.936991090447
161.812001587442
144.010941132702
132.878955257591
115.116098017786
102.858951748918
106.514195599793
113.714678765013
102.101108668413