11.2663623305887
7.90299131508708
7.63950164644509
7.91988645358536
8.40066705344337
7.24762117550894
8.71222182563312
15.3170903817945
24.9144115254995
26.6059643288036
29.5440966755037
17.7718586132900
13.3061993489940
11.7040519675825
10.7297757428324
10.5935674804051
13.2349306234628
15.5280910301834
15.9823568013658
16.7312661928386
17.1212680867871
10.8266157261407
9.90969242577399
10.9198819138616
13.0631503916390
16.1756904623517
32.4870686177657
38.6798299670862
45.2085414811105
31.0381393568033
27.5585252266103
16.3739294385286
11.5344070120271
9.39661766316463
13.4659597898692
17.9114476276789
25.6580350508933
30.4438093092303
29.0424399893418
27.8355485013632
17.9587968746079
20.6328376078880
15.8781391172503
21.7521522875358
26.3850637085532
43.3031867011858
43.4792975412811
47.4848151078973
47.2858608007102
28.6014292914801
22.6041781011494
18.9068779308225
18.6029973886878
25.5038933995576
30.7670821475335
30.8573055164699
38.2380898127475
40.7982854472446
31.6493651179750
27.4489287004095
27.1034009154387
26.4685918766277
33.7141405906458
41.6783943613731
57.7403032568409
59.3849282733448
63.4786162727081
54.9320324239482
38.4062366061593
30.5226362270377
36.1234566777511
32.1931668418182
42.3415115204298
53.8680606078427
60.2180889223469
56.8706726703675
52.2533670711911
50.1512876235322
55.1685324484472
62.7770735965590
77.5629201276056
99.3069796674625
128.133953342848
164.304453191570
199.223670704957
239.101758253183
292.998024566378
351.238340427680
404.552600244181
399.909088137630
351.738134180444
293.849411201912
235.736142595575
208.855160751741
193.560219251655
191.680610529470
193.246948101450
199.665668825614
207.994803105855
222.980377871568
240.723397528817
250.307498703025
263.291787381861
268.533843294898
267.736411744602
271.392279430797
280.238536403961
292.769663308189
310.896262534846
332.158485600208
354.773890475966
374.166797306131
402.954764267544
430.080832370006
470.158982906024
517.013537901636
587.106627137045
673.403816664095
793.855223521522
951.123230227180
1177.07398230620
1479.60801939938
1905.31946529738
2541.21817069738
3396.29065922423
4667.19443875436
6547.02585732582
9242.58349187048
13174.0983650604
18917.8338779607
26977.1990150352
35921.9525456317
41098.3747746634
39574.0726952399
32031.8646351076
20841.1974664443
10672.2755333755
5075.50488365972
2919.41600970023
2076.57170237848
1608.97505322192
1308.26680897626
1067.75830068890
886.929971532744
755.900725988733
668.736912101449
591.928187853331
543.652668658160
497.356044992272
452.101054142433
418.761492397890
382.815038238938
355.175551301802
336.169097359879
320.869925921096
306.011091672450
299.885130542750
285.490820924719
273.368954247250
256.526576371731
245.619693368513
238.715413338473
233.239747071922
236.035633102558
236.257423919705
228.851403743897
222.705125301823
208.592872432094
187.515179243860
171.958684742958
156.487044326435
154.046933202636
153.235626004154
154.740710648752
140.759575729520
130.758868502715
113.104676371496
97.8327925561866
88.0411468453298
77.8736158676698
75.0844749123703
81.7800105735835
87.2456041254236