$SPEC_ID:
No sample description was entered.
$SPEC_REM:
DET# 1
DETDESC# DESKTOP-NHMQ4F9 Easy-MCA-2k SN 16145343
AP# Maestro Version 7.01
$DATE_MEA:
04/27/2023 13:22:58
$MEAS_TIM:
5385 5440
$DATA:
0 2047
       0
       0
       0
       1
       0
       0
       0
       0
       0
       0
       1
       0
       0
       0
       0
       0
       0
       0
       0
       0
       0
       0
    1140
   13793
  289832
  317138
  258519
  212051
  176131
  147610
  125196
  106967
   93135
   81891
   72647
   65313
   59275
   54379
   50194
   46688
   43509
   40979
   39153
   37451
   35448
   33711
   32502
   31198
   29940
   28634
   28352
   26966
   26406
   25440
   24684
   23722
   23384
   23010
   21906
   21023
   20521
   20155
   19663
   18806
   18343
   17621
   17631
   16646
   16306
   15987
   15332
   15024
   14559
   14380
   13964
   13437
   13188
   12671
   12400
   12242
   11717
   11755
   11341
   11136
   10871
   10410
   10322
   10237
    9981
    9908
    9397
    9443
    9123
    9437
    9121
    8792
    8846
    8770
    8579
    8477
    8423
    8292
    8354
    8216
    8311
    8093
    7944
    7630
    7811
    7558
    7622
    7306
    7223
    7140
    7059
    6962
    6772
    6611
    6573
    6519
    6131
    6180
    6096
    5766
    5755
    5575
    5411
    5314
    5168
    5006
    4928
    4778
    4861
    4436
    4548
    4319
    4125
    4147
    4028
    3861
    3807
    3740
    3700
    3650
    3570
    3505
    3354
    3402
    3348
    3188
    3140
    3010
    3050
    3024
    2998
    2957
    2906
    2777
    2759
    2769
    2779
    2683
    2665
    2581
    2639
    2577
    2488
    2458
    2479
    2417
    2370
    2383
    2350
    2256
    2295
    2212
    2279
    2184
    2232
    2125
    2168
    2123
    2105
    2118
    2140
    2035
    2028
    1974
    2043
    1884
    2024
    1989
    1943
    1949
    1920
    1921
    1911
    1835
    1818
    1779
    1884
    1842
    1797
    1750
    1829
    1815
    1739
    1766
    1742
    1690
    1699
    1653
    1656
    1620
    1602
    1725
    1601
    1632
    1649
    1702
    1633
    1592
    1565
    1578
    1601
    1508
    1533
    1522
    1550
    1459
    1519
    1512
    1457
    1471
    1441
    1407
    1476
    1472
    1522
    1495
    1476
    1476
    1520
    1363
    1446
    1424
    1366
    1480
    1390
    1392
    1439
    1331
    1375
    1369
    1392
    1359
    1406
    1433
    1415
    1355
    1370
    1344
    1372
    1313
    1365
    1322
    1379
    1431
    1315
    1329
    1383
    1334
    1347
    1343
    1398
    1417
    1328
    1301
    1327
    1392
    1274
    1373
    1351
    1325
    1322
    1336
    1359
    1320
    1275
    1342
    1246
    1251
    1286
    1334
    1387
    1316
    1322
    1311
    1319
    1245
    1265
    1280
    1252
    1331
    1305
    1217
    1223
    1218
    1214
    1250
    1231
    1198
    1160
    1223
    1227
    1197
    1245
    1223
    1227
    1195
    1143
    1170
    1179
    1193
    1145
    1176
    1161
    1163
    1178
    1234
    1178
    1195
    1166
    1213
    1197
    1177
    1179
    1152
    1151
    1180
    1130
    1158
    1136
    1223
    1187
    1185
    1168
    1177
    1101
    1138
    1201
    1129
    1177
    1130
    1185
    1175
    1181
    1189
    1163
    1235
    1147
    1175
    1138
    1148
    1220
    1169
    1162
    1221
    1195
    1189
    1237
    1266
    1188
    1270
    1188
    1225
    1222
    1266
    1252
    1242
    1247
    1237
    1250
    1162
    1269
    1282
    1289
    1318
    1334
    1198
    1224
    1193
    1228
    1182
    1243
    1267
    1253
    1307
    1254
    1174
    1193
    1253
    1266
    1241
    1151
    1262
    1252
    1244
    1256
    1218
    1184
    1199
    1198
    1268
    1163
    1182
    1239
    1147
    1193
    1134
    1184
    1152
    1173
    1164
    1150
    1177
    1146
    1143
    1060
    1143
    1091
    1121
    1076
    1047
    1077
    1139
    1066
    1098
    1006
    1098
    1034
    1034
    1124
    1073
    1002
    1025
    1007
    1074
     998
     999
    1048
    1040
    1001
    1066
    1041
    1052
    1050
    1020
    1031
     996
    1024
    1030
    1034
    1025
    1066
    1036
    1070
    1092
    1081
    1178
    1052
    1145
    1094
    1123
    1170
    1188
    1123
    1176
    1230
    1222
    1211
    1304
    1233
    1237
    1281
    1265
    1272
    1236
    1331
    1351
    1299
    1376
    1447
    1415
    1457
    1426
    1461
    1394
    1458
    1545
    1476
    1501
    1429
    1477
    1528
    1523
    1535
    1581
    1577
    1537
    1568
    1530
    1513
    1539
    1545
    1577
    1644
    1546
    1494
    1485
    1514
    1497
    1546
    1527
    1450
    1513
    1408
    1464
    1375
    1490
    1440
    1410
    1372
    1329
    1371
    1337
    1338
    1278
    1287
    1293
    1253
    1202
    1190
    1145
    1154
    1164
    1048
    1034
    1065
    1035
    1002
    1045
    1019
     973
     950
     931
     897
     848
     882
     822
     812
     816
     750
     745
     723
     753
     682
     638
     700
     628
     621
     617
     608
     568
     579
     572
     482
     539
     482
     483
     487
     441
     447
     407
     428
     401
     390
     399
     347
     393
     371
     307
     323
     354
     368
     350
     315
     328
     307
     303
     287
     306
     285
     256
     282
     280
     265
     247
     230
     281
     250
     253
     255
     245
     267
     231
     233
     205
     245
     224
     238
     208
     229
     210
     217
     233
     216
     245
     198
     246
     230
     223
     196
     208
     199
     223
     209
     209
     214
     185
     206
     191
     182
     212
     221
     217
     230
     237
     221
     203
     216
     198
     158
     187
     185
     196
     164
     206
     202
     207
     180
     221
     194
     188
     187
     176
     203
     183
     200
     181
     199
     200
     201
     184
     190
     202
     221
     182
     208
     200
     181
     173
     216
     190
     187
     202
     198
     207
     184
     163
     179
     194
     219
     217
     195
     190
     205
     181
     183
     190
     190
     211
     183
     220
     195
     176
     222
     192
     182
     196
     193
     195
     179
     209
     200
     211
     216
     209
     207
     211
     214
     179
     243
     204
     219
     210
     200
     214
     230
     204
     208
     208
     213
     212
     213
     201
     189
     249
     212
     225
     239
     205
     211
     240
     209
     214
     222
     225
     237
     224
     211
     223
     242
     233
     225
     244
     238
     240
     229
     221
     237
     238
     245
     232
     269
     242
     232
     267
     243
     210
     269
     239
     226
     261
     232
     263
     222
     289
     227
     257
     253
     267
     256
     260
     241
     262
     260
     286
     269
     231
     247
     269
     295
     263
     263
     270
     283
     253
     263
     263
     261
     280
     273
     303
     279
     298
     248
     259
     277
     274
     291
     294
     256
     267
     281
     262
     264
     286
     258
     311
     274
     258
     300
     264
     272
     252
     282
     232
     315
     289
     278
     288
     272
     258
     272
     274
     282
     276
     307
     306
     288
     322
     290
     265
     297
     302
     327
     294
     290
     273
     273
     299
     301
     277
     269
     312
     303
     319
     306
     292
     318
     302
     308
     328
     315
     315
     325
     314
     303
     317
     312
     329
     288
     294
     317
     286
     318
     326
     305
     320
     332
     350
     319
     333
     311
     311
     319
     318
     319
     351
     355
     348
     332
     317
     368
     307
     283
     300
     332
     315
     320
     309
     318
     330
     337
     307
     308
     338
     329
     314
     330
     339
     328
     322
     308
     328
     331
     333
     337
     339
     338
     339
     313
     337
     334
     355
     327
     298
     319
     288
     346
     307
     333
     339
     325
     300
     344
     289
     316
     295
     328
     298
     329
     314
     304
     293
     316
     317
     302
     314
     278
     298
     302
     310
     266
     313
     291
     315
     317
     284
     281
     291
     297
     319
     279
     258
     270
     290
     286
     264
     295
     273
     276
     305
     289
     282
     296
     309
     290
     286
     239
     280
     282
     264
     259
     297
     282
     287
     291
     276
     251
     281
     283
     277
     264
     254
     252
     255
     264
     276
     268
     275
     262
     246
     301
     280
     265
     248
     271
     267
     281
     247
     266
     253
     278
     272
     261
     263
     296
     265
     274
     250
     261
     246
     248
     230
     252
     237
     239
     254
     252
     267
     263
     232
     269
     245
     227
     232
     230
     231
     222
     214
     215
     259
     196
     219
     196
     200
     195
     233
     208
     200
     180
     216
     219
     221
     209
     182
     194
     189
     203
     203
     200
     178
     193
     174
     170
     173
     180
     153
     164
     149
     165
     152
     169
     155
     163
     146
     154
     167
     139
     138
     141
     143
     139
     144
     122
     129
     122
     133
     136
     118
     119
     108
     131
     108
     119
     111
      95
     105
     118
     102
      86
      89
      95
      99
      97
      88
      93
      74
      73
     112
      85
      64
      68
      78
      66
      72
      62
      70
      73
      67
      69
      65
      60
      68
      65
      53
      65
      65
      51
      59
      67
      51
      66
      59
      47
      45
      64
      45
      56
      53
      40
      56
      49
      40
      46
      43
      47
      45
      56
      39
      35
      40
      40
      41
      42
      42
      41
      38
      38
      45
      32
      39
      33
      48
      35
      42
      23
      41
      31
      44
      37
      35
      33
      45
      50
      39
      41
      39
      45
      24
      37
      36
      35
      35
      27
      34
      36
      28
      46
      25
      34
      32
      32
      26
      41
      34
      31
      35
      33
      34
      38
      29
      30
      28
      35
      42
      30
      40
      26
      34
      35
      28
      46
      36
      29
      26
      37
      30
      36
      43
      42
      22
      29
      27
      32
      34
      32
      33
      36
      20
      35
      33
      29
      26
      30
      31
      34
      38
      26
      33
      22
      20
      33
      23
      36
      39
      26
      30
      33
      33
      26
      36
      33
      26
      40
      30
      23
      42
      38
      25
      33
      23
      32
      29
      26
      32
      44
      44
      26
      28
      27
      36
      29
      32
      31
      32
      28
      36
      28
      23
      48
      29
      38
      37
      26
      35
      33
      29
      37
      28
      36
      44
      36
      25
      31
      29
      33
      35
      31
      23
      29
      30
      40
      28
      28
      36
      25
      33
      39
      33
      27
      30
      24
      31
      32
      37
      27
      36
      30
      31
      25
      33
      29
      39
      32
      44
      33
      26
      40
      28
      30
      21
      30
      30
      24
      21
      31
      33
      39
      26
      27
      22
      21
      30
      30
      19
      29
      30
      27
      36
      33
      26
      29
      27
      29
      29
      20
      23
      28
      27
      32
      38
      33
      26
      27
      26
      26
      20
      27
      31
      24
      30
      32
      29
      30
      24
      31
      27
      26
      34
      27
      32
      32
      33
      29
      24
      44
      24
      27
      29
      25
      27
      29
      23
      19
      19
      26
      23
      28
      17
      21
      28
      21
      27
      17
      27
      25
      40
      26
      26
      31
      25
      13
      15
      32
      21
      24
      34
      21
      23
      17
      32
      26
      23
      30
      22
      22
      31
      26
      16
      25
      29
      19
      17
      28
      28
      25
      24
      17
      25
      29
      17
      32
      22
      22
      22
      26
      28
      26
      22
      22
      17
      25
      17
      26
      20
      22
      23
      31
      29
      28
      22
      29
      18
      17
      22
      25
      20
      14
      15
      27
      19
      17
       9
      24
      26
      20
      18
      26
      27
      21
      28
      28
      17
      24
      10
      14
      19
      29
      22
      25
      20
      18
      23
      20
      25
      20
      12
      16
      10
      15
      15
      17
      21
      25
      13
       8
       9
      16
      17
      12
      19
      20
      12
      18
      15
      13
      19
      17
      21
      17
      17
      17
      17
      21
      18
      18
      13
      15
      10
      13
      13
       9
      23
      10
      19
      13
      16
      16
      16
      14
      24
      12
      15
      23
      13
      15
      13
      18
      12
      15
      22
      16
      13
      10
       9
      14
      10
      11
      15
       8
      15
      13
      17
      18
      14
      13
      18
      16
      19
      19
      19
      12
      21
      15
      19
      13
      16
      15
      19
      23
      21
      20
      16
      13
       9
       9
      16
      14
      12
      16
       7
      16
       7
      14
      13
      17
      19
      13
      11
      13
      19
       7
      13
       6
       9
      13
      12
      13
      10
      10
      16
      20
      10
      11
      10
      12
       6
       9
      14
       8
      17
       9
       4
      11
      13
       9
      11
       8
      17
      12
      11
      15
       9
      10
      18
      11
      11
       9
       8
      12
       7
      11
      13
       9
      11
       8
      15
      11
      14
       6
      10
       9
      13
       6
      14
      15
      13
      16
      18
       7
      15
       9
      15
      11
      14
      14
      10
       8
       4
       7
      10
       8
       6
      10
      12
      11
       8
      15
      14
      12
       9
       5
       7
      10
      14
       8
       9
      14
       9
       6
      10
       6
       4
      10
      13
       9
       7
      12
       9
      13
       9
       9
      10
      10
       8
      13
       4
      10
       5
       9
       2
       8
       5
       7
      11
       8
       8
       4
      14
       8
      11
      10
       5
       5
       5
       8
       5
       7
       6
       4
       7
       6
      15
       9
       8
       5
      11
      12
       6
       7
       8
       7
      10
       4
       6
       7
       4
       1
       3
       5
       6
       7
       6
       6
       7
       7
       4
       4
       6
       7
       5
       6
      10
       6
       5
       4
       8
       8
       4
       5
       2
       5
       7
      10
       9
       4
       6
       4
       5
       6
       6
      10
       7
       9
       6
       3
       5
       4
       3
       4
      10
       1
       3
       4
      11
       6
       4
       8
       9
       3
       6
       7
       3
       6
       2
       6
       4
       5
       5
       4
       5
       4
       3
       4
       7
       8
       7
       6
       1
       5
       4
       6
       8
      10
       4
       4
       6
       3
       5
       3
       3
       4
       4
       3
       3
       6
       4
       8
       2
       5
       7
       3
       6
       3
       5
       2
       2
       6
       5
       5
       2
       1
       8
       4
       3
       3
       2
       8
       4
       3
       1
       3
       1
       3
       4
       2
       2
       5
       2
       3
       4
       5
       5
       1
       5
       7
       2
       3
       4
       4
       5
       7
       9
       3
       2
       5
       2
       5
       3
       5
       1
       1
       3
       5
       3
       8
       5
       1
       8
       2
       2
       5
       6
       3
       1
       4
       4
       3
       6
       3
       3
       3
       4
       3
       5
       4
       3
       4
       6
       3
       2
       6
       1
       4
       0
       3
       3
       3
       1
       4
       2
       1
       1
       2
       1
       2
       0
       3
       5
       0
       2
       2
       3
       1
       1
       4
       2
       2
       4
       2
       6
       3
       4
       3
       4
       3
       6
       0
       1
       4
       1
       1
       2
       2
       6
       1
       5
       1
       4
       1
       0
       4
       3
       2
       1
       5
       0
       2
       1
       3
       9
       2
       4
       1
       3
       5
       3
       1
       3
       1
       1
       1
       2
       1
       1
       3
       2
       1
       5
       4
       1
       3
       2
       2
       1
       1
       3
       4
       2
       0
       2
       2
       1
       0
       0
       0
       0
       0
       0
       0
       0
       0
       0
       0
       0
       0
       0
       0
       0
       0
       0
       0
       0
       0
       0
       0
       0
       0
       0
       0
       0
       0
       0
       0
       0
$ROI:
2
76 88
414 560
$PRESETS:
None
0
0
$ENER_FIT:
0.000000 4.323069
$MCA_CAL:
3
0.000000E+000 4.323069E+000 0.000000E+000 keV
$SHAPE_CAL:
3
1.349303E+000 0.000000E+000 0.000000E+000
