$SPEC_ID:
No sample description was entered.
$SPEC_REM:
DET# 1
DETDESC# Easy-MCA 2k Ser:11231609
AP# Maestro Version 7.01
$DATE_MEA:
04/27/2023 10:33:30
$MEAS_TIM:
3608 3639
$DATA:
0 2047
       0
       0
       0
       0
       0
       0
       0
       0
       0
       0
       0
       0
       0
       0
       0
       0
       0
       0
       0
       0
       0
       0
       0
       0
       0
       0
       0
       0
       0
       0
       0
       0
       0
       0
       0
       0
       0
       0
       0
       0
       0
       0
       0
       0
       0
       0
       0
       0
       0
       3
    1596
    2321
    2326
    2325
    2265
    2208
    2276
    2317
    2276
    2231
    2213
    2131
    2161
    2118
    2114
    2214
    2106
    2185
    2150
    2112
    2067
    2223
    2045
    2137
    2069
    2074
    2112
    2052
    2080
    2028
    1998
    2000
    2027
    2003
    2045
    2092
    2066
    2020
    2011
    2097
    2060
    2181
    2045
    2089
    2019
    2121
    2057
    2082
    2041
    2118
    2044
    2118
    2153
    2069
    2150
    2210
    2128
    2162
    2078
    2193
    2205
    2185
    2254
    2263
    2257
    2339
    2370
    2594
    2688
    2725
    2818
    3114
    3312
    3592
    3856
    3948
    4118
    4421
    4310
    4333
    4378
    4392
    4376
    4380
    4391
    4531
    4441
    4499
    4354
    4406
    4527
    4363
    4362
    4319
    4268
    4342
    4414
    4272
    4265
    4457
    4314
    4251
    4224
    4371
    4242
    4422
    4252
    4147
    4243
    4244
    4208
    4235
    4186
    4115
    4098
    4140
    4185
    4274
    4205
    4149
    4110
    4097
    4066
    3943
    4060
    3923
    3998
    4012
    4059
    4032
    3917
    4019
    3913
    3966
    3907
    3960
    3928
    3902
    3939
    3904
    3812
    3877
    3809
    3882
    3911
    3815
    3784
    3805
    3752
    3831
    3772
    3763
    3701
    3803
    3725
    3718
    3814
    3600
    3712
    3708
    3599
    3660
    3679
    3675
    3712
    3608
    3633
    3624
    3539
    3576
    3637
    3505
    3557
    3502
    3424
    3538
    3451
    3507
    3444
    3418
    3374
    3551
    3406
    3406
    3324
    3422
    3463
    3425
    3384
    3398
    3429
    3287
    3356
    3238
    3284
    3416
    3356
    3261
    3297
    3328
    3258
    3217
    3317
    3140
    3232
    3174
    3224
    3166
    3183
    3175
    3212
    3146
    3170
    3101
    3119
    3094
    3097
    3066
    3053
    3005
    3162
    2984
    3045
    3065
    2959
    3008
    3006
    3026
    2993
    2993
    2989
    2944
    2978
    2801
    2887
    2978
    2947
    2854
    2889
    2827
    2848
    2807
    2814
    2917
    2840
    2772
    2752
    2769
    2782
    2679
    2785
    2725
    2758
    2685
    2693
    2761
    2662
    2685
    2660
    2709
    2606
    2671
    2734
    2656
    2549
    2676
    2589
    2686
    2688
    2524
    2697
    2615
    2652
    2572
    2579
    2576
    2570
    2452
    2571
    2420
    2446
    2499
    2450
    2442
    2516
    2449
    2507
    2513
    2477
    2467
    2464
    2472
    2427
    2375
    2429
    2380
    2451
    2334
    2314
    2385
    2315
    2265
    2345
    2304
    2322
    2378
    2336
    2341
    2373
    2391
    2377
    2280
    2340
    2353
    2362
    2285
    2410
    2313
    2411
    2365
    2398
    2392
    2431
    2541
    2535
    2505
    2482
    2554
    2504
    2420
    2553
    2494
    2487
    2476
    2473
    2518
    2427
    2449
    2427
    2389
    2396
    2319
    2224
    2280
    2279
    2261
    2274
    2300
    2178
    2309
    2258
    2225
    2221
    2073
    2061
    2123
    2014
    2029
    2049
    2096
    2064
    1989
    2004
    1887
    2075
    1901
    1887
    1898
    1893
    1806
    1822
    1820
    1802
    1889
    1807
    1820
    1828
    1801
    1824
    1829
    1877
    1735
    1706
    1694
    1717
    1784
    1706
    1663
    1712
    1796
    1701
    1729
    1726
    1709
    1624
    1709
    1716
    1693
    1659
    1612
    1718
    1664
    1682
    1686
    1611
    1664
    1663
    1704
    1675
    1608
    1628
    1608
    1635
    1604
    1636
    1658
    1660
    1705
    1681
    1658
    1653
    1606
    1581
    1627
    1730
    1570
    1694
    1685
    1693
    1657
    1671
    1720
    1760
    1864
    1853
    1858
    1952
    1956
    2094
    2085
    2342
    2407
    2663
    2974
    3217
    3531
    3833
    3971
    4146
    4252
    4167
    3891
    3537
    3073
    2641
    2273
    1899
    1523
    1300
    1081
     917
     799
     719
     640
     639
     618
     623
     628
     618
     587
     616
     639
     598
     583
     647
     636
     568
     624
     653
     624
     599
     621
     626
     612
     615
     638
     601
     601
     623
     593
     595
     636
     589
     599
     612
     588
     606
     634
     638
     579
     660
     598
     645
     658
     618
     627
     625
     647
     655
     619
     617
     615
     640
     602
     642
     613
     637
     625
     632
     604
     655
     614
     625
     636
     632
     619
     648
     634
     611
     645
     628
     647
     679
     614
     622
     633
     633
     651
     658
     630
     657
     619
     698
     626
     634
     642
     670
     641
     647
     622
     630
     620
     642
     658
     636
     647
     637
     653
     629
     635
     587
     669
     620
     625
     642
     629
     629
     650
     630
     633
     684
     651
     615
     651
     622
     656
     656
     676
     620
     643
     575
     655
     605
     641
     599
     663
     629
     607
     656
     631
     699
     611
     616
     594
     642
     631
     681
     618
     642
     605
     614
     642
     655
     636
     666
     585
     668
     626
     629
     614
     669
     624
     649
     648
     615
     627
     659
     646
     654
     669
     631
     675
     636
     604
     662
     625
     626
     659
     609
     586
     610
     639
     678
     625
     652
     651
     640
     668
     630
     678
     629
     663
     665
     645
     655
     693
     626
     621
     658
     659
     656
     625
     636
     695
     655
     657
     625
     659
     629
     618
     675
     667
     650
     658
     691
     653
     695
     700
     631
     694
     641
     615
     608
     646
     589
     573
     634
     603
     675
     638
     653
     622
     633
     635
     708
     619
     637
     679
     683
     647
     663
     628
     647
     640
     600
     647
     626
     645
     626
     642
     582
     637
     622
     631
     683
     637
     626
     653
     582
     638
     637
     586
     663
     617
     611
     679
     657
     622
     666
     655
     611
     634
     589
     646
     619
     610
     639
     676
     617
     584
     572
     615
     647
     651
     646
     665
     649
     654
     617
     651
     620
     652
     570
     587
     610
     669
     557
     614
     624
     599
     603
     595
     634
     607
     619
     597
     579
     626
     630
     598
     585
     598
     599
     645
     638
     595
     611
     590
     607
     640
     614
     584
     578
     627
     632
     593
     610
     624
     643
     593
     588
     610
     600
     592
     626
     607
     559
     580
     581
     614
     558
     618
     601
     614
     547
     538
     557
     579
     616
     607
     587
     540
     593
     601
     576
     549
     573
     540
     585
     519
     534
     583
     569
     546
     562
     544
     574
     558
     550
     551
     585
     540
     488
     545
     502
     524
     532
     524
     471
     520
     526
     514
     496
     525
     502
     457
     508
     443
     473
     447
     471
     456
     437
     450
     401
     429
     477
     460
     414
     416
     417
     421
     351
     400
     380
     353
     369
     346
     360
     367
     298
     288
     333
     327
     334
     288
     286
     294
     297
     241
     259
     257
     213
     206
     184
     193
     188
     158
     182
     151
     141
     138
     119
     126
     103
      96
     108
      65
      59
      62
      63
      45
      52
      46
      47
      52
      49
      30
      34
      53
      49
      49
      40
      38
      31
      52
      35
      38
      47
      44
      51
      37
      37
      36
      43
      28
      39
      42
      50
      39
      42
      42
      44
      57
      33
      36
      42
      44
      41
      33
      45
      38
      33
      31
      38
      40
      51
      45
      36
      40
      43
      37
      41
      40
      45
      33
      33
      45
      33
      32
      35
      30
      44
      49
      45
      44
      42
      41
      33
      46
      49
      36
      39
      58
      46
      34
      33
      32
      32
      32
      37
      35
      35
      31
      49
      41
      32
      42
      43
      42
      40
      33
      31
      26
      46
      35
      42
      35
      37
      36
      28
      34
      29
      34
      33
      33
      39
      32
      34
      21
      46
      32
      26
      32
      27
      36
      34
      34
      33
      30
      36
      34
      32
      35
      27
      26
      35
      27
      32
      38
      36
      23
      26
      28
      26
      30
      37
      27
      21
      27
      35
      32
      33
      25
      27
      29
      21
      18
      27
      21
      26
      22
      26
      23
      28
      23
      23
      26
      26
      33
      21
      22
      27
      11
      18
      13
      18
      13
      25
      17
      17
      15
      15
      16
      14
      16
      17
      17
       6
      13
      17
       7
      11
       6
      13
       8
      14
      11
       4
       6
       4
       2
       9
       4
       6
       2
       2
       4
       1
       2
       2
       2
       2
       1
       2
       1
       1
       2
       1
       1
       0
       3
       0
       3
       1
       2
       1
       1
       0
       4
       0
       0
       2
       2
       2
       3
       0
       1
       2
       1
       1
       1
       0
       1
       0
       0
       1
       1
       2
       0
       0
       1
       1
       0
       1
       1
       2
       1
       1
       1
       0
       0
       0
       1
       0
       0
       1
       0
       4
       0
       0
       1
       1
       5
       2
       0
       0
       1
       1
       0
       0
       1
       2
       1
       2
       0
       0
       1
       0
       1
       2
       0
       2
       1
       1
       0
       1
       1
       2
       0
       1
       2
       1
       2
       1
       0
       1
       2
       0
       1
       1
       0
       1
       1
       4
       0
       0
       1
       0
       0
       1
       0
       0
       2
       1
       1
       1
       1
       0
       0
       1
       0
       1
       0
       0
       2
       0
       1
       0
       1
       1
       3
       0
       0
       0
       1
       0
       0
       2
       2
       1
       1
       3
       0
       2
       0
       0
       1
       1
       2
       0
       0
       0
       0
       0
       0
       1
       0
       0
       1
       0
       1
       0
       0
       0
       1
       0
       1
       0
       0
       1
       0
       1
       1
       1
       0
       0
       0
       1
       1
       1
       0
       1
       1
       0
       0
       0
       0
       2
       0
       0
       0
       0
       0
       0
       0
       2
       0
       0
       0
       0
       0
       1
       1
       0
       0
       0
       1
       0
       0
       0
       0
       1
       3
       0
       0
       0
       0
       0
       0
       0
       0
       0
       0
       0
       1
       0
       0
       1
       0
       1
       0
       0
       0
       0
       0
       0
       0
       0
       0
       0
       1
       0
       0
       0
       1
       0
       0
       0
       0
       0
       0
       0
       1
       0
       0
       0
       0
       2
       0
       1
       1
       0
       0
       0
       0
       0
       1
       0
       0
       0
       0
       0
       0
       0
       1
       0
       0
       0
       0
       0
       0
       0
       0
       0
       0
       0
       1
       0
       0
       0
       0
       1
       0
       0
       0
       0
       0
       0
       0
       0
       0
       0
       0
       0
       1
       0
       0
       0
       2
       1
       0
       0
       0
       0
       0
       0
       0
       0
       1
       0
       0
       0
       1
       0
       0
       0
       0
       0
       0
       0
       0
       0
       0
       0
       0
       0
       0
       1
       1
       0
       0
       0
       1
       0
       0
       0
       1
       0
       0
       0
       0
       0
       0
       0
       0
       1
       1
       0
       0
       0
       0
       0
       0
       1
       0
       0
       0
       0
       0
       0
       0
       1
       0
       1
       0
       0
       1
       0
       0
       1
       0
       0
       0
       0
       0
       0
       0
       0
       0
       0
       0
       0
       0
       0
       0
       0
       0
       0
       0
       0
       0
       0
       0
       0
       1
       0
       1
       0
       0
       0
       0
       0
       0
       1
       0
       0
       0
       0
       0
       0
       0
       0
       0
       0
       0
       0
       0
       0
       1
       0
       0
       0
       0
       0
       0
       0
       0
       0
       0
       0
       0
       0
       0
       0
       0
       0
       0
       0
       0
       0
       0
       0
       0
       0
       0
       0
       0
       0
       0
       0
       0
       0
       0
       0
       0
       0
       0
       0
       0
       0
       0
       0
       0
       0
       0
       0
       0
       0
       1
       0
       0
       0
       0
       0
       0
       0
       1
       1
       0
       0
       0
       0
       0
       0
       0
       0
       0
       0
       0
       0
       0
       0
       0
       0
       1
       0
       0
       0
       0
       0
       0
       0
       0
       0
       0
       0
       0
       0
       0
       0
       0
       0
       0
       0
       1
       0
       0
       0
       0
       0
       0
       0
       0
       0
       0
       0
       0
       1
       0
       0
       0
       0
       0
       0
       0
       0
       0
       0
       0
       0
       0
       0
       0
       0
       0
       0
       0
       0
       0
       0
       0
       0
       0
       0
       0
       0
       0
       0
       0
       0
       0
       0
       0
       0
       0
       0
       0
       0
       0
       0
       0
       0
       0
       0
       0
       0
       0
       0
       0
       0
       0
       0
       0
       0
       0
       0
       0
       0
       0
       0
       0
       0
       0
       0
       0
       0
       0
       0
       0
       0
       0
       0
       0
       0
       0
       0
       0
       0
       0
       0
       0
       0
       0
       0
       0
       0
       0
       0
       0
       0
       0
       0
       0
       0
       0
       0
       0
       0
       0
       0
       0
       0
       0
       0
       0
       0
       0
       0
       0
       0
       0
       0
       0
       0
       0
       0
       0
       0
       0
       0
       0
       0
       0
       0
       0
       0
       0
       0
       0
       0
       0
       0
       0
       0
       0
       0
       0
       0
       0
       0
       0
       0
       0
       0
       0
       0
       0
       0
       0
       0
       0
       0
       0
       0
       0
       0
       0
       0
       0
       0
       0
       0
       0
       0
       0
       0
       0
       0
       0
       0
       0
       0
       0
       0
       0
       0
       0
       0
       0
       0
       0
       0
       0
       0
       0
       0
       0
       0
       0
       0
       0
       0
       0
       0
       0
       0
       0
       0
       0
       0
       0
       0
       0
       0
       0
       0
       0
       0
       0
       0
       0
       0
       0
       0
       0
       0
       0
       0
       0
       0
       0
       0
       0
       0
       0
       0
       0
       0
       0
       0
       0
       0
       0
       0
       0
       0
       0
       0
       0
       0
       0
       0
       0
       0
       0
       0
       0
       0
       0
       0
       0
       0
       0
       0
       0
       0
       0
       0
       0
       0
       0
       0
       0
       0
       0
       0
       0
       0
       0
       0
       0
       0
       0
       0
       0
       0
       0
       0
       0
       0
       0
       0
       0
       0
       0
       0
       0
       0
       0
       0
       0
       0
       0
       0
       0
       0
       0
       0
       0
       0
       0
       0
       0
       0
       0
       0
       0
       0
       0
       0
       0
       0
       0
       0
       0
       0
       0
       0
       0
       1
       0
       0
       0
       0
       0
       0
       0
       0
       0
       0
       0
       0
       0
       0
       0
       0
       0
       0
       0
       0
       0
       0
       0
       0
       0
       0
       0
       0
       0
       0
       0
       0
       0
       0
       0
       0
       0
       0
       0
       0
       0
       0
       0
       0
       0
       0
       0
$ROI:
0
$PRESETS:
None
0
0
$ENER_FIT:
0.000000 2.517201
$MCA_CAL:
3
0.000000E+000 2.517201E+000 0.000000E+000 keV
$SHAPE_CAL:
3
6.809550E+001 0.000000E+000 0.000000E+000
