$SPEC_ID:
No sample description was entered.
$SPEC_REM:
DET# 1
DETDESC# Easy-MCA 2k Ser:11231609
AP# Maestro Version 7.01
$DATE_MEA:
04/27/2023 08:44:36
$MEAS_TIM:
2140 2159
$DATA:
0 2047
       0
       0
       0
       0
       0
       0
       0
       0
       0
       0
       0
       0
       0
       0
       0
       0
       0
       0
       0
       0
       0
       0
       0
       0
       0
       0
       0
       0
       0
       0
       0
       0
       0
       0
       0
       0
       0
       0
       0
       0
       0
       0
       0
       0
       0
       0
       0
       0
       0
       2
     946
    1462
    1463
    1461
    1375
    1456
    1337
    1378
    1386
    1329
    1368
    1351
    1321
    1374
    1282
    1337
    1407
    1342
    1315
    1289
    1365
    1331
    1268
    1324
    1316
    1384
    1322
    1286
    1203
    1331
    1290
    1278
    1308
    1256
    1258
    1298
    1340
    1297
    1241
    1249
    1356
    1279
    1253
    1283
    1220
    1263
    1317
    1280
    1305
    1304
    1367
    1315
    1385
    1344
    1322
    1301
    1337
    1368
    1365
    1361
    1377
    1346
    1441
    1371
    1463
    1465
    1530
    1539
    1557
    1698
    1790
    1979
    2104
    2156
    2285
    2427
    2545
    2578
    2740
    2711
    2705
    2889
    2718
    2745
    2700
    2708
    2724
    2699
    2708
    2654
    2756
    2796
    2665
    2765
    2756
    2727
    2742
    2639
    2622
    2653
    2687
    2626
    2619
    2551
    2677
    2574
    2677
    2578
    2603
    2671
    2574
    2645
    2567
    2486
    2658
    2559
    2575
    2536
    2539
    2580
    2565
    2547
    2549
    2565
    2535
    2527
    2446
    2587
    2501
    2494
    2584
    2446
    2524
    2511
    2455
    2465
    2358
    2447
    2431
    2390
    2354
    2442
    2321
    2418
    2449
    2358
    2357
    2357
    2411
    2375
    2370
    2358
    2348
    2263
    2280
    2279
    2244
    2294
    2266
    2258
    2311
    2263
    2372
    2321
    2199
    2159
    2283
    2247
    2211
    2190
    2229
    2335
    2213
    2249
    2248
    2161
    2142
    2090
    2221
    2224
    2214
    2182
    2166
    2127
    2113
    2090
    2196
    2143
    2059
    2175
    1990
    2078
    2183
    2090
    2125
    2044
    2069
    2086
    1954
    1988
    2118
    2101
    1992
    2007
    1979
    2037
    1922
    1990
    2041
    1944
    1954
    1993
    1928
    2014
    1952
    1872
    1905
    1927
    1916
    1919
    1924
    1919
    1885
    1849
    1852
    1960
    1945
    1863
    1806
    1797
    1839
    1856
    1863
    1812
    1786
    1836
    1735
    1736
    1818
    1767
    1841
    1850
    1786
    1731
    1878
    1669
    1789
    1803
    1730
    1800
    1730
    1730
    1648
    1586
    1810
    1642
    1694
    1703
    1600
    1751
    1639
    1718
    1688
    1606
    1619
    1724
    1673
    1636
    1711
    1588
    1654
    1596
    1607
    1649
    1555
    1610
    1509
    1515
    1560
    1577
    1552
    1513
    1470
    1536
    1500
    1522
    1543
    1511
    1546
    1472
    1450
    1486
    1512
    1518
    1386
    1527
    1488
    1526
    1446
    1437
    1462
    1488
    1453
    1500
    1447
    1434
    1453
    1445
    1519
    1402
    1418
    1434
    1471
    1392
    1418
    1459
    1418
    1431
    1475
    1451
    1483
    1508
    1456
    1501
    1475
    1474
    1509
    1573
    1535
    1650
    1590
    1603
    1527
    1532
    1547
    1542
    1442
    1463
    1453
    1446
    1455
    1475
    1539
    1369
    1482
    1440
    1384
    1412
    1406
    1381
    1321
    1336
    1360
    1326
    1322
    1279
    1295
    1217
    1351
    1317
    1207
    1263
    1225
    1170
    1184
    1182
    1192
    1228
    1194
    1160
    1126
    1164
    1143
    1156
    1178
    1121
    1106
    1139
    1119
    1133
    1062
    1097
    1075
    1096
    1053
    1024
    1048
    1018
    1096
    1124
    1062
    1094
    1052
    1095
    1023
    1015
    1055
    1017
    1030
     979
    1112
    1107
    1034
     996
     965
    1010
     992
    1025
    1006
    1046
    1031
     933
    1036
    1004
    1028
    1038
    1028
    1006
     992
    1065
    1032
    1032
    1063
     989
    1010
    1001
    1081
     998
    1037
    1117
    1065
    1115
    1114
    1094
    1089
    1110
    1130
    1221
    1219
    1336
    1322
    1452
    1526
    1632
    1766
    2039
    2143
    2320
    2534
    2550
    2632
    2604
    2460
    2208
    2022
    1743
    1406
    1225
     978
     813
     672
     568
     475
     471
     438
     393
     395
     415
     398
     404
     417
     395
     424
     372
     355
     396
     391
     379
     392
     379
     363
     380
     386
     403
     377
     392
     376
     335
     395
     366
     379
     356
     363
     375
     420
     378
     397
     375
     385
     384
     386
     396
     417
     357
     372
     373
     412
     368
     391
     413
     387
     401
     401
     381
     359
     400
     427
     423
     378
     401
     418
     425
     365
     403
     380
     399
     391
     381
     416
     393
     405
     387
     407
     388
     411
     401
     394
     390
     375
     402
     380
     392
     394
     405
     411
     377
     392
     401
     392
     396
     392
     378
     414
     383
     401
     359
     413
     390
     391
     376
     386
     407
     378
     389
     412
     399
     445
     371
     381
     441
     383
     362
     379
     411
     386
     376
     403
     382
     397
     385
     415
     394
     386
     402
     429
     404
     402
     370
     366
     386
     388
     402
     400
     399
     397
     420
     397
     413
     339
     397
     415
     382
     389
     433
     397
     401
     401
     411
     343
     391
     399
     397
     396
     384
     397
     427
     432
     408
     382
     376
     401
     434
     427
     409
     402
     409
     416
     405
     452
     431
     370
     364
     402
     430
     387
     401
     399
     424
     390
     368
     436
     385
     427
     405
     398
     379
     434
     410
     388
     398
     397
     432
     411
     417
     407
     425
     389
     407
     427
     384
     413
     377
     419
     410
     382
     386
     403
     405
     375
     433
     417
     395
     428
     408
     402
     429
     430
     428
     358
     391
     395
     395
     420
     406
     391
     441
     373
     393
     406
     414
     412
     394
     372
     390
     447
     432
     414
     432
     411
     379
     388
     402
     411
     376
     389
     396
     428
     395
     395
     394
     356
     400
     439
     438
     394
     395
     402
     397
     404
     405
     373
     410
     423
     371
     385
     385
     384
     334
     385
     398
     350
     438
     391
     404
     426
     403
     384
     406
     376
     372
     399
     353
     390
     408
     400
     400
     382
     408
     362
     370
     347
     388
     413
     388
     369
     351
     397
     389
     396
     388
     383
     381
     383
     365
     359
     365
     357
     358
     374
     370
     381
     388
     381
     369
     388
     365
     385
     382
     380
     356
     371
     382
     391
     397
     359
     371
     377
     360
     376
     356
     393
     377
     360
     389
     326
     364
     368
     328
     369
     340
     321
     371
     318
     370
     343
     358
     345
     370
     342
     363
     336
     348
     349
     348
     361
     288
     333
     347
     324
     351
     340
     334
     340
     325
     336
     316
     325
     319
     295
     315
     338
     324
     295
     335
     299
     311
     313
     326
     340
     310
     268
     308
     279
     285
     268
     277
     306
     277
     269
     274
     248
     256
     261
     251
     268
     238
     248
     217
     241
     237
     219
     240
     204
     239
     203
     214
     173
     214
     196
     190
     160
     172
     160
     165
     153
     145
     137
     120
     120
     115
      88
     113
      87
      96
      69
      59
      61
      46
      51
      62
      39
      39
      37
      30
      20
      26
      26
      29
      41
      30
      33
      27
      29
      36
      33
      24
      28
      24
      25
      19
      22
      20
      20
      34
      27
      31
      27
      15
      22
      23
      23
      27
      30
      17
      15
      26
      27
      22
      30
      22
      17
      26
      29
      37
      26
      23
      25
      25
      30
      29
      24
      21
      28
      22
      14
      31
      32
      25
      29
      35
      26
      32
      21
      26
      23
      24
      32
      26
      29
      35
      24
      24
      22
      26
      23
      23
      27
      24
      16
      20
      27
      29
      31
      18
      26
      22
      21
      23
      24
      27
      13
      26
      19
      25
      14
      26
      20
      30
      22
      22
      25
      20
      25
      20
      31
      22
      16
      17
      23
      25
      12
      19
      21
      23
      25
      14
      23
      21
      16
      19
      19
      17
      21
      22
      15
      14
      17
      16
      17
      15
      25
      18
      24
      22
      19
      14
      22
      21
      26
      13
      17
      18
      18
      22
      29
       9
      23
      13
      11
      23
      25
      24
      18
      17
      12
      17
      14
      18
      13
      16
      22
      15
      10
       7
      13
      14
      11
      10
       5
       8
      13
      10
      11
      13
      17
      14
      10
       6
      11
       9
       6
       9
       7
       3
       9
       8
       5
       5
       8
       7
       2
       6
       4
       3
       4
       6
       3
       2
       2
       6
       1
       3
       0
       0
       2
       0
       1
       0
       2
       3
       0
       1
       0
       1
       1
       0
       0
       1
       0
       0
       1
       0
       2
       1
       1
       4
       0
       0
       2
       0
       0
       0
       0
       1
       2
       0
       1
       0
       1
       0
       0
       0
       3
       2
       1
       1
       0
       2
       1
       0
       0
       1
       0
       1
       0
       0
       0
       1
       0
       1
       2
       0
       0
       0
       0
       1
       0
       0
       1
       2
       1
       0
       0
       0
       0
       0
       0
       0
       0
       0
       0
       0
       0
       0
       0
       1
       0
       0
       1
       0
       0
       2
       0
       1
       2
       0
       0
       0
       2
       1
       1
       0
       0
       2
       1
       0
       1
       0
       1
       1
       1
       0
       0
       0
       0
       0
       0
       1
       0
       0
       0
       1
       0
       0
       1
       1
       0
       0
       1
       0
       2
       1
       1
       2
       1
       0
       1
       0
       0
       0
       0
       1
       1
       0
       0
       0
       0
       0
       1
       0
       2
       0
       1
       0
       1
       1
       0
       0
       0
       1
       0
       0
       2
       0
       0
       0
       0
       1
       0
       0
       0
       2
       0
       1
       0
       1
       0
       0
       0
       0
       0
       1
       2
       0
       0
       0
       1
       0
       0
       0
       0
       0
       0
       1
       0
       0
       0
       0
       0
       1
       0
       0
       0
       0
       0
       0
       0
       0
       0
       0
       0
       0
       1
       0
       0
       1
       1
       0
       0
       0
       0
       0
       0
       0
       0
       0
       0
       0
       0
       0
       0
       0
       0
       0
       1
       0
       2
       0
       0
       0
       0
       0
       0
       0
       1
       2
       2
       0
       1
       0
       0
       0
       0
       0
       0
       0
       0
       0
       0
       0
       0
       0
       0
       0
       1
       0
       0
       0
       1
       0
       0
       0
       0
       0
       0
       0
       0
       0
       0
       0
       0
       1
       1
       0
       0
       3
       0
       0
       0
       0
       0
       0
       1
       0
       0
       1
       0
       0
       0
       0
       0
       0
       0
       0
       0
       0
       0
       0
       0
       0
       0
       0
       0
       1
       0
       1
       0
       0
       0
       0
       0
       0
       0
       0
       0
       0
       1
       0
       1
       0
       0
       0
       0
       0
       0
       0
       0
       1
       0
       0
       0
       1
       0
       1
       0
       0
       1
       0
       0
       0
       0
       0
       0
       0
       0
       0
       0
       0
       0
       0
       0
       0
       0
       1
       0
       0
       0
       0
       0
       0
       0
       0
       0
       0
       1
       0
       0
       0
       0
       0
       0
       0
       0
       0
       0
       0
       1
       0
       0
       0
       1
       0
       0
       0
       0
       1
       0
       0
       0
       0
       0
       0
       0
       0
       0
       1
       0
       0
       0
       0
       0
       0
       0
       0
       0
       0
       0
       0
       0
       0
       0
       0
       0
       0
       0
       0
       0
       1
       0
       0
       0
       0
       0
       0
       0
       0
       0
       0
       0
       0
       0
       0
       0
       0
       0
       0
       0
       0
       0
       0
       0
       0
       0
       0
       0
       0
       0
       0
       0
       0
       0
       0
       0
       0
       0
       0
       0
       0
       1
       0
       0
       0
       0
       0
       0
       0
       0
       0
       0
       0
       0
       0
       0
       0
       0
       0
       0
       0
       0
       0
       0
       0
       1
       0
       0
       0
       0
       0
       0
       0
       0
       0
       0
       0
       0
       0
       0
       0
       0
       0
       0
       0
       0
       0
       0
       0
       0
       0
       0
       0
       0
       0
       0
       0
       0
       0
       0
       0
       0
       0
       0
       0
       0
       0
       0
       0
       0
       0
       0
       0
       0
       1
       0
       0
       0
       0
       0
       0
       0
       0
       0
       0
       0
       0
       0
       0
       0
       0
       0
       0
       0
       0
       0
       0
       0
       0
       0
       0
       0
       0
       0
       0
       0
       0
       0
       0
       0
       0
       0
       0
       0
       0
       0
       0
       0
       0
       0
       0
       0
       0
       0
       0
       0
       0
       0
       0
       0
       0
       0
       0
       0
       0
       0
       0
       0
       0
       0
       0
       0
       0
       0
       0
       0
       0
       0
       0
       0
       0
       0
       0
       0
       0
       0
       0
       0
       0
       0
       0
       0
       0
       0
       0
       0
       0
       0
       0
       0
       0
       0
       0
       0
       0
       0
       0
       0
       0
       0
       0
       0
       0
       0
       0
       0
       0
       0
       0
       0
       0
       0
       0
       0
       0
       0
       0
       0
       0
       0
       0
       0
       0
       0
       0
       0
       1
       0
       0
       0
       0
       0
       0
       0
       0
       0
       0
       0
       0
       0
       0
       0
       0
       0
       0
       0
       0
       0
       0
       0
       0
       0
       0
       0
       0
       0
       0
       0
       0
       0
       0
       0
       0
       0
       0
       0
       0
       0
       0
       0
       0
       0
       0
       0
       0
       0
       0
       0
       0
       0
       0
       0
       0
       0
       0
       0
       0
       0
       0
       0
       0
       0
       0
       0
       0
       0
       0
       0
       0
       0
       0
       0
       0
       0
       0
       0
       0
       0
       0
       0
       0
       0
       0
       0
       0
       0
       0
       0
       0
       0
       0
       0
       0
       0
       0
       0
       0
       0
       0
       0
       0
       0
       0
       0
       0
       0
       0
       0
       0
       0
       0
       0
       0
       0
       0
       0
       0
       0
       0
       0
       0
       0
       0
       0
       0
       0
       0
       0
       0
       0
       0
       0
       0
       0
       0
       0
       0
       0
       0
       0
       0
       0
       0
       0
       0
       0
       0
       0
       0
       0
       0
       0
       0
       0
       0
       0
       0
       0
       0
       0
       0
       0
       0
       0
       0
       0
       0
       0
       0
       0
       0
       0
       0
       0
       0
       0
       0
       0
       0
       0
       0
       0
       0
       0
       0
       0
       0
       0
       0
       0
       0
       0
       0
       0
       0
       0
       0
       0
       0
       0
       0
       0
       0
       0
       0
       0
       0
       0
       0
       0
       0
       0
       0
       0
       0
       0
       0
       0
       0
       0
       0
       0
       0
       0
       0
       0
       0
       0
       0
       0
       0
$ROI:
0
$PRESETS:
None
0
0
$ENER_FIT:
0.000000 2.517201
$MCA_CAL:
3
0.000000E+000 2.517201E+000 0.000000E+000 keV
$SHAPE_CAL:
3
6.809550E+001 0.000000E+000 0.000000E+000
