$SPEC_ID:
No sample description was entered.
$SPEC_REM:
DET# 1
DETDESC# Easy-MCA 2k Ser:11231609
AP# Maestro Version 7.01
$DATE_MEA:
04/27/2023 11:55:50
$MEAS_TIM:
6486 6527
$DATA:
0 2047
       0
       0
       0
       0
       0
       0
       0
       1
       0
       1
       0
       0
       0
       0
       0
       0
       0
       0
       0
       0
       0
       1
       0
       0
       0
       0
       0
       0
       0
       0
       0
       1
       0
       0
       0
       0
       0
       0
       0
       0
       0
       0
       0
       0
       0
       0
       0
       0
       0
       8
    2023
    3194
    3129
    3053
    3016
    3004
    2993
    2966
    3023
    2982
    3048
    2959
    2886
    2868
    2808
    2831
    2875
    2921
    2829
    2797
    2883
    2905
    2834
    2833
    2829
    2732
    2859
    2823
    2738
    2725
    2729
    2716
    2808
    2694
    2744
    2745
    2739
    2751
    2812
    2730
    2673
    2825
    2655
    2687
    2845
    2738
    2719
    2709
    2826
    2786
    2899
    2802
    2835
    2774
    2832
    2885
    2672
    2880
    2932
    2855
    2931
    2907
    2912
    3073
    3014
    3040
    3171
    3319
    3395
    3561
    3753
    4038
    4257
    4694
    4944
    5263
    5403
    5560
    5639
    5798
    5787
    5799
    5700
    5669
    5741
    6012
    5806
    5711
    5629
    5806
    5707
    5739
    5579
    5635
    5775
    5722
    5672
    5614
    5677
    5552
    5575
    5733
    5676
    5566
    5409
    5577
    5580
    5586
    5504
    5444
    5459
    5357
    5399
    5496
    5381
    5414
    5431
    5436
    5310
    5403
    5287
    5373
    5428
    5450
    5274
    5328
    5422
    5307
    5270
    5249
    5228
    5231
    5160
    5163
    5119
    5068
    5271
    5227
    5084
    5081
    5110
    5081
    4977
    5104
    5016
    4958
    5004
    4980
    4988
    4982
    5033
    4828
    5013
    4818
    4910
    4879
    4851
    4974
    4856
    4745
    4848
    4805
    4652
    4752
    4822
    4795
    4717
    4717
    4667
    4651
    4703
    4606
    4562
    4585
    4627
    4495
    4559
    4592
    4454
    4659
    4570
    4456
    4426
    4469
    4417
    4465
    4313
    4444
    4426
    4423
    4384
    4321
    4413
    4359
    4330
    4332
    4314
    4427
    4316
    4262
    4319
    4212
    4240
    4039
    4209
    4221
    4122
    4077
    4057
    4111
    4018
    4238
    3994
    4149
    4033
    4010
    4066
    4048
    3965
    3941
    3984
    3939
    3917
    3960
    3766
    3887
    3941
    3933
    3908
    3888
    3890
    3779
    3823
    3713
    3835
    3832
    3738
    3698
    3804
    3814
    3731
    3715
    3714
    3605
    3640
    3496
    3575
    3589
    3646
    3641
    3604
    3542
    3456
    3505
    3546
    3507
    3596
    3545
    3533
    3581
    3574
    3503
    3471
    3442
    3405
    3369
    3269
    3400
    3413
    3322
    3324
    3341
    3333
    3303
    3333
    3344
    3335
    3217
    3232
    3178
    3184
    3283
    3296
    3192
    3215
    3187
    3224
    3127
    3084
    3129
    3068
    3180
    3128
    3115
    3056
    3055
    3106
    3182
    3124
    3112
    3074
    3132
    2983
    2934
    3044
    3005
    2999
    3059
    2932
    3022
    3094
    2945
    3044
    3018
    2988
    3035
    3006
    3027
    3059
    3028
    3110
    3144
    3240
    3058
    3107
    3260
    3276
    3173
    3237
    3204
    3327
    3238
    3203
    3201
    3200
    3190
    3292
    3158
    3156
    3003
    3069
    3124
    3065
    2966
    2967
    3009
    2949
    2972
    2738
    2755
    2842
    2783
    2801
    2650
    2751
    2747
    2645
    2720
    2588
    2584
    2565
    2458
    2631
    2535
    2521
    2474
    2466
    2480
    2444
    2384
    2381
    2483
    2357
    2401
    2442
    2320
    2275
    2270
    2336
    2280
    2288
    2375
    2286
    2253
    2175
    2268
    2215
    2253
    2226
    2203
    2279
    2220
    2194
    2194
    2159
    2230
    2141
    2115
    2157
    2092
    2150
    2196
    2145
    2156
    2137
    2138
    2080
    2121
    2120
    2123
    2076
    2159
    2145
    2088
    2115
    2127
    2159
    2095
    2168
    2091
    2134
    2102
    2121
    2108
    2227
    2142
    2217
    2239
    2294
    2173
    2201
    2225
    2292
    2284
    2440
    2351
    2333
    2498
    2506
    2721
    2759
    3002
    3131
    3563
    3995
    4214
    4597
    4996
    5194
    5445
    5393
    5291
    4937
    4598
    3849
    3362
    2866
    2361
    1814
    1518
    1301
    1152
     909
     881
     891
     814
     792
     788
     786
     797
     811
     782
     730
     797
     799
     871
     767
     786
     821
     826
     781
     809
     768
     793
     808
     816
     819
     805
     872
     796
     766
     830
     815
     827
     737
     813
     778
     826
     839
     774
     783
     801
     801
     700
     817
     789
     802
     770
     821
     838
     820
     812
     821
     819
     859
     803
     808
     835
     836
     788
     850
     847
     800
     784
     829
     842
     829
     883
     860
     856
     838
     844
     806
     848
     862
     844
     821
     843
     824
     865
     847
     800
     835
     790
     879
     850
     847
     792
     841
     840
     822
     779
     820
     852
     817
     805
     860
     798
     850
     817
     885
     805
     814
     783
     787
     863
     825
     814
     844
     782
     842
     825
     824
     822
     864
     812
     833
     791
     841
     875
     853
     775
     839
     806
     849
     842
     812
     823
     840
     793
     815
     834
     816
     883
     833
     880
     860
     860
     805
     769
     844
     857
     852
     849
     863
     844
     817
     838
     855
     840
     827
     786
     835
     869
     848
     851
     817
     799
     840
     800
     839
     847
     829
     819
     875
     809
     819
     847
     849
     829
     813
     841
     790
     836
     887
     831
     811
     851
     858
     888
     841
     818
     791
     835
     842
     809
     879
     865
     886
     826
     821
     802
     872
     807
     854
     830
     840
     845
     815
     937
     821
     882
     861
     866
     878
     855
     839
     851
     823
     852
     809
     846
     833
     810
     850
     854
     844
     853
     816
     862
     853
     856
     849
     816
     837
     856
     845
     866
     839
     810
     787
     819
     865
     765
     807
     863
     825
     861
     832
     849
     829
     829
     853
     791
     828
     826
     830
     844
     799
     854
     799
     781
     858
     801
     804
     872
     810
     837
     814
     821
     791
     857
     804
     834
     829
     780
     786
     845
     809
     849
     855
     819
     826
     857
     814
     815
     806
     853
     818
     813
     815
     804
     833
     814
     806
     820
     838
     806
     770
     815
     835
     823
     811
     825
     795
     754
     812
     795
     824
     808
     805
     792
     818
     807
     784
     791
     801
     735
     821
     791
     833
     783
     733
     766
     761
     769
     775
     788
     815
     757
     759
     809
     760
     857
     751
     752
     731
     744
     722
     733
     723
     701
     751
     742
     724
     818
     731
     719
     723
     776
     798
     755
     764
     754
     720
     700
     732
     726
     788
     753
     726
     761
     724
     732
     763
     722
     684
     752
     705
     687
     728
     709
     637
     703
     689
     620
     673
     720
     658
     693
     634
     677
     616
     660
     657
     653
     621
     599
     564
     611
     612
     610
     591
     582
     566
     569
     603
     590
     559
     528
     541
     581
     522
     477
     503
     515
     543
     487
     442
     469
     458
     484
     452
     424
     425
     419
     421
     377
     350
     365
     339
     314
     325
     351
     308
     267
     256
     249
     221
     251
     196
     185
     165
     143
     145
     127
     135
     115
      88
      82
      86
      83
      70
      60
      62
      62
      66
      54
      54
      48
      53
      57
      63
      57
      53
      57
      65
      44
      58
      56
      49
      55
      42
      57
      53
      47
      62
      64
      44
      48
      63
      59
      49
      54
      67
      57
      60
      76
      54
      48
      60
      52
      61
      47
      56
      72
      63
      41
      43
      51
      55
      42
      51
      62
      59
      34
      54
      36
      56
      59
      46
      57
      47
      53
      46
      49
      36
      54
      54
      49
      51
      49
      54
      52
      44
      56
      45
      36
      58
      55
      49
      45
      49
      46
      63
      55
      42
      47
      41
      56
      35
      45
      45
      47
      41
      44
      53
      51
      48
      52
      38
      46
      49
      38
      37
      49
      52
      41
      42
      45
      46
      38
      47
      47
      51
      44
      57
      46
      39
      44
      35
      41
      44
      34
      43
      39
      45
      55
      44
      40
      39
      31
      40
      41
      32
      38
      37
      39
      27
      29
      40
      41
      40
      40
      39
      35
      32
      31
      25
      33
      32
      30
      27
      30
      40
      32
      37
      30
      26
      31
      32
      27
      31
      21
      28
      21
      31
      32
      26
      21
      23
      22
      25
      17
      25
       7
      22
      14
      18
      17
      18
      20
      11
      11
       7
       8
      11
      10
       5
       9
       9
       7
       7
      10
       4
       0
       7
       4
       3
       2
       1
       3
       0
       2
       2
       3
       1
       0
       0
       1
       1
       0
       1
       1
       1
       0
       0
       1
       0
       1
       0
       0
       1
       2
       3
       1
       1
       3
       1
       1
       0
       1
       2
       2
       3
       1
       0
       1
       2
       0
       2
       0
       1
       1
       2
       2
       0
       0
       0
       0
       0
       0
       0
       1
       2
       0
       1
       1
       3
       1
       1
       0
       1
       0
       0
       0
       1
       1
       2
       0
       2
       1
       0
       1
       1
       1
       1
       1
       2
       0
       0
       2
       0
       0
       3
       1
       0
       0
       0
       1
       0
       1
       0
       0
       0
       0
       0
       0
       1
       1
       1
       1
       0
       2
       0
       0
       0
       0
       0
       0
       0
       1
       1
       0
       1
       1
       0
       0
       1
       1
       1
       0
       0
       1
       0
       1
       1
       0
       0
       0
       1
       1
       0
       0
       0
       0
       2
       0
       0
       1
       0
       0
       0
       0
       0
       0
       0
       0
       0
       0
       1
       0
       0
       0
       0
       0
       1
       1
       0
       0
       0
       0
       1
       0
       1
       2
       0
       0
       2
       0
       1
       0
       1
       0
       1
       0
       0
       0
       0
       0
       2
       1
       0
       0
       0
       1
       1
       0
       0
       0
       1
       1
       0
       0
       0
       0
       0
       0
       2
       0
       0
       1
       0
       0
       0
       1
       0
       0
       0
       0
       1
       0
       1
       0
       0
       0
       0
       0
       0
       0
       0
       0
       0
       0
       0
       2
       1
       0
       0
       0
       1
       0
       1
       0
       1
       0
       0
       0
       0
       0
       0
       0
       1
       0
       0
       0
       0
       0
       0
       0
       0
       0
       0
       0
       1
       0
       0
       1
       1
       0
       0
       0
       0
       0
       0
       0
       0
       0
       0
       0
       0
       1
       0
       0
       0
       0
       1
       0
       0
       0
       1
       0
       0
       0
       0
       0
       0
       0
       1
       0
       0
       0
       0
       0
       0
       0
       1
       0
       0
       0
       0
       0
       0
       0
       0
       1
       0
       0
       0
       0
       0
       1
       0
       0
       1
       0
       0
       0
       0
       0
       0
       0
       0
       0
       0
       0
       0
       0
       1
       0
       0
       2
       0
       0
       1
       1
       0
       0
       0
       0
       0
       0
       0
       0
       0
       0
       0
       0
       0
       0
       0
       0
       0
       0
       0
       0
       0
       0
       0
       0
       0
       0
       0
       0
       0
       0
       0
       0
       0
       0
       1
       0
       0
       0
       0
       1
       0
       0
       0
       0
       0
       0
       0
       0
       0
       0
       0
       0
       0
       0
       0
       0
       0
       0
       0
       0
       0
       0
       0
       0
       0
       0
       0
       0
       0
       0
       0
       0
       0
       0
       0
       0
       0
       0
       0
       0
       0
       0
       0
       0
       0
       0
       0
       0
       0
       0
       0
       1
       0
       1
       0
       0
       0
       0
       0
       0
       0
       0
       0
       0
       0
       0
       0
       0
       0
       0
       0
       0
       0
       0
       0
       0
       0
       0
       0
       0
       0
       0
       0
       0
       0
       0
       0
       0
       0
       0
       0
       1
       1
       0
       0
       0
       0
       0
       0
       0
       0
       0
       0
       1
       0
       0
       0
       0
       0
       0
       0
       0
       0
       0
       0
       1
       0
       0
       0
       0
       0
       0
       0
       0
       0
       0
       0
       0
       0
       0
       0
       0
       0
       0
       0
       0
       0
       0
       0
       0
       1
       0
       0
       0
       0
       0
       0
       0
       0
       0
       0
       0
       0
       0
       0
       0
       0
       0
       0
       0
       0
       0
       0
       0
       0
       0
       0
       0
       0
       1
       0
       0
       0
       0
       0
       0
       0
       0
       0
       0
       0
       0
       0
       0
       0
       0
       0
       0
       0
       0
       0
       0
       0
       0
       0
       0
       0
       0
       0
       0
       0
       0
       0
       0
       0
       0
       0
       0
       0
       0
       0
       0
       0
       0
       0
       0
       0
       0
       1
       0
       0
       0
       0
       0
       0
       0
       0
       0
       0
       0
       0
       1
       0
       0
       0
       0
       0
       0
       0
       0
       0
       0
       0
       0
       0
       0
       0
       0
       0
       0
       0
       0
       0
       0
       0
       0
       0
       1
       0
       1
       0
       1
       0
       0
       0
       0
       0
       0
       0
       0
       0
       0
       0
       0
       0
       0
       0
       0
       0
       0
       0
       0
       0
       0
       0
       0
       0
       0
       0
       1
       0
       0
       0
       0
       0
       0
       0
       0
       0
       0
       0
       0
       0
       0
       0
       0
       0
       0
       0
       0
       0
       0
       0
       0
       0
       0
       0
       0
       0
       0
       0
       0
       0
       0
       0
       0
       0
       0
       0
       0
       0
       0
       0
       0
       0
       0
       0
       0
       0
       0
       0
       0
       0
       0
       0
       0
       0
       0
       0
       0
       0
       1
       0
       0
       0
       0
       0
       0
       0
       0
       0
       0
       0
       0
       0
       0
       0
       0
       0
       0
       0
       0
       0
       0
       0
       0
       0
       0
       0
       0
       0
       0
       0
       0
       0
       0
       0
       0
       0
       0
       0
       0
       0
       0
       0
       0
       0
       0
       0
       0
       0
       0
       0
       0
       0
       0
       0
       0
       0
       0
       0
       0
       0
       0
       0
       0
       0
       0
       0
       0
       0
       0
       0
       0
       0
       0
       0
       0
       0
       0
       0
       1
       0
       0
       0
       0
       0
       0
       0
       0
       0
       0
       0
       0
       0
       0
       0
       0
       0
       0
       0
       0
       0
       0
       0
       0
       0
       0
       0
       0
       0
       0
       0
       0
       0
       0
       0
       0
       0
       0
       0
       0
       0
       0
       0
       0
       0
       0
       0
       0
       0
       0
       0
       0
       0
       0
       0
       0
       0
       0
       0
       0
       0
       0
       0
       0
       0
       0
       0
       0
       0
       0
       0
       0
       0
       0
       0
       0
       0
       0
       0
       0
       0
       0
       0
       0
       0
       0
       0
       0
       0
       0
       0
       0
       0
       0
       0
       0
       0
       0
       0
       0
$ROI:
0
$PRESETS:
None
0
0
$ENER_FIT:
0.000000 2.517201
$MCA_CAL:
3
0.000000E+000 2.517201E+000 0.000000E+000 keV
$SHAPE_CAL:
3
6.809550E+001 0.000000E+000 0.000000E+000
