$SPEC_ID:
No sample description was entered.
$SPEC_REM:
DET# 1
DETDESC# DESKTOP-0NFQHD6 Easy-MCA-2k SN 16145346
AP# Maestro Version 7.01
$DATE_MEA:
04/27/2023 13:50:01
$MEAS_TIM:
2426 2540
$DATA:
0 2047
       0
       0
       0
       0
       0
       0
       0
       0
       0
       0
       0
       0
       0
       0
       0
       0
       0
       0
       0
       0
       0
       0
       0
       0
       0
       0
       0
       0
       0
       0
       0
       0
       0
       0
       0
       0
       0
       0
       0
       0
       0
       0
       0
       0
       0
       0
       0
       0
       0
       0
       0
       0
       0
       0
       0
       0
       0
       0
       0
       0
       0
       0
       0
       0
       0
       0
       0
       0
       0
       0
       0
       0
       0
       1
      63
    1240
    1328
    1270
    1221
    1272
    1283
    1254
    1262
    1301
    1226
    1219
    1249
    1283
    1229
    1230
    1310
    1335
    1242
    1237
    1239
    1218
    1266
    1247
    1231
    1331
    1316
    1272
    1293
    1326
    1350
    1399
    1331
    1349
    1346
    1373
    1427
    1365
    1420
    1415
    1425
    1443
    1540
    1594
    1644
    1705
    1839
    2072
    2128
    2360
    2397
    2507
    2534
    2554
    2632
    2619
    2648
    2636
    2641
    2649
    2667
    2654
    2634
    2717
    2724
    2647
    2693
    2617
    2650
    2645
    2651
    2676
    2674
    2687
    2650
    2670
    2655
    2784
    2717
    2656
    2628
    2611
    2626
    2637
    2646
    2649
    2590
    2604
    2537
    2653
    2621
    2530
    2498
    2557
    2566
    2649
    2554
    2493
    2444
    2523
    2503
    2557
    2594
    2567
    2488
    2525
    2484
    2531
    2500
    2435
    2602
    2452
    2406
    2446
    2481
    2390
    2437
    2403
    2351
    2358
    2448
    2380
    2395
    2360
    2317
    2439
    2368
    2332
    2384
    2273
    2284
    2328
    2294
    2218
    2284
    2279
    2339
    2246
    2275
    2279
    2282
    2264
    2279
    2306
    2239
    2189
    2174
    2165
    2209
    2261
    2199
    2207
    2182
    2215
    2209
    2152
    2101
    2180
    2110
    2123
    2148
    2052
    2050
    2188
    2139
    2005
    2037
    2078
    2045
    2090
    1997
    2082
    2115
    2155
    2049
    1984
    1958
    1968
    2050
    2051
    1995
    2018
    2022
    1951
    1944
    2038
    2035
    1908
    1994
    1941
    1871
    1831
    1907
    1927
    1888
    1847
    1872
    1897
    1837
    1893
    1868
    1930
    1903
    1882
    1841
    1908
    1844
    1833
    1844
    1825
    1907
    1815
    1768
    1803
    1792
    1722
    1721
    1734
    1674
    1700
    1779
    1801
    1727
    1740
    1659
    1753
    1715
    1773
    1671
    1690
    1661
    1643
    1733
    1639
    1660
    1642
    1557
    1591
    1637
    1693
    1674
    1666
    1609
    1609
    1620
    1598
    1600
    1531
    1531
    1554
    1613
    1491
    1633
    1513
    1528
    1585
    1550
    1600
    1490
    1528
    1527
    1541
    1543
    1512
    1524
    1467
    1631
    1430
    1436
    1427
    1504
    1467
    1476
    1443
    1415
    1479
    1409
    1440
    1467
    1429
    1436
    1460
    1459
    1477
    1471
    1423
    1392
    1431
    1424
    1485
    1456
    1439
    1555
    1492
    1482
    1497
    1490
    1493
    1516
    1477
    1559
    1540
    1550
    1471
    1516
    1462
    1568
    1480
    1513
    1471
    1430
    1508
    1475
    1393
    1430
    1484
    1429
    1436
    1402
    1376
    1338
    1325
    1376
    1279
    1322
    1262
    1305
    1284
    1275
    1294
    1257
    1219
    1230
    1249
    1216
    1269
    1184
    1215
    1189
    1226
    1216
    1129
    1125
    1177
    1192
    1153
    1135
    1140
    1144
    1081
    1133
    1087
    1211
    1066
    1046
    1108
    1035
    1070
    1055
    1060
    1078
    1067
    1023
    1033
    1053
    1034
    1025
    1048
    1044
    1050
    1046
    1064
    1015
    1007
    1057
    1061
    1021
    1059
    1055
    1064
    1001
     982
    1073
    1043
     982
    1027
    1059
    1058
    1006
    1029
    1012
    1003
    1068
    1053
    1033
    1051
    1078
    1060
    1061
    1096
    1115
    1164
    1140
    1085
    1104
    1119
    1165
    1224
    1233
    1214
    1322
    1382
    1400
    1481
    1602
    1741
    1922
    1968
    2244
    2412
    2367
    2398
    2353
    2162
    1881
    1646
    1302
    1142
     941
     894
     745
     634
     636
     577
     537
     545
     522
     530
     461
     435
     466
     488
     416
     435
     413
     436
     430
     429
     433
     429
     433
     417
     373
     405
     415
     393
     407
     417
     397
     347
     390
     408
     388
     376
     405
     388
     381
     356
     373
     399
     376
     401
     374
     380
     379
     438
     374
     371
     413
     382
     424
     377
     405
     397
     417
     400
     395
     374
     392
     364
     371
     388
     394
     450
     395
     370
     361
     378
     349
     414
     376
     416
     370
     383
     355
     387
     387
     384
     387
     379
     410
     370
     406
     408
     418
     402
     378
     376
     393
     375
     408
     414
     366
     389
     403
     392
     413
     421
     400
     411
     398
     454
     395
     358
     377
     379
     396
     408
     390
     396
     359
     387
     397
     389
     411
     414
     395
     392
     367
     409
     388
     389
     418
     369
     406
     391
     409
     410
     403
     386
     423
     385
     415
     405
     412
     385
     423
     431
     406
     429
     411
     384
     428
     405
     400
     410
     417
     407
     399
     405
     397
     384
     386
     375
     370
     391
     401
     398
     428
     431
     419
     455
     417
     396
     429
     423
     363
     391
     387
     407
     425
     404
     385
     396
     419
     389
     394
     412
     384
     388
     425
     381
     437
     449
     437
     387
     405
     439
     388
     393
     407
     421
     388
     429
     398
     427
     390
     403
     396
     372
     399
     391
     385
     362
     380
     408
     435
     371
     432
     426
     408
     379
     393
     406
     404
     374
     428
     380
     417
     394
     401
     421
     387
     432
     426
     433
     422
     418
     435
     409
     359
     396
     395
     392
     356
     406
     388
     438
     368
     428
     375
     390
     453
     428
     420
     404
     397
     407
     400
     395
     421
     376
     425
     427
     383
     362
     402
     397
     409
     416
     367
     366
     383
     356
     386
     412
     410
     395
     398
     405
     396
     428
     400
     373
     412
     381
     419
     402
     394
     376
     369
     393
     393
     371
     404
     406
     385
     374
     399
     402
     384
     362
     368
     342
     373
     370
     358
     376
     427
     395
     395
     382
     387
     358
     419
     360
     329
     352
     421
     345
     415
     367
     359
     401
     353
     354
     413
     372
     362
     398
     357
     373
     361
     362
     352
     366
     380
     357
     363
     348
     315
     329
     355
     356
     355
     359
     365
     339
     365
     355
     363
     361
     340
     381
     372
     333
     343
     329
     343
     321
     358
     315
     361
     329
     337
     322
     338
     308
     323
     327
     303
     315
     349
     336
     308
     325
     316
     335
     331
     269
     284
     326
     275
     289
     291
     261
     275
     238
     261
     283
     245
     279
     257
     245
     264
     254
     255
     232
     262
     261
     242
     249
     244
     230
     231
     213
     242
     203
     208
     205
     191
     199
     192
     192
     178
     165
     181
     163
     139
     178
     130
     159
     129
     129
     107
     101
      99
      95
      85
      85
      92
      72
      73
      70
      70
      50
      36
      50
      37
      37
      40
      40
      36
      25
      27
      34
      34
      30
      39
      27
      27
      23
      25
      28
      25
      31
      39
      26
      20
      34
      28
      22
      27
      28
      19
      33
      27
      27
      16
      19
      20
      19
      19
      28
      29
      22
      27
      27
      26
      24
      28
      18
      27
      30
      21
      19
      20
      22
      21
      22
      32
      17
      22
      27
      18
      22
      26
      22
      19
      19
      24
      29
      29
      26
      15
      24
      18
      19
      23
      25
      16
      28
      19
      31
      21
      21
      41
      29
      27
      27
      22
      28
      27
      17
      15
      23
      27
      28
      26
      33
      22
      30
      25
      20
      16
      29
      21
      18
      20
      15
      25
      13
      20
      21
      18
      24
      18
      20
      21
      28
      14
      21
      25
      10
      15
      20
      18
      19
      19
      22
      18
      18
      15
      20
       8
      25
      14
      17
      19
       9
      15
      18
      12
      22
      19
      23
      11
      18
      22
      20
      12
      21
      13
      10
      19
      16
      17
      11
       8
       7
      10
      12
      16
      15
      11
       7
      19
      12
      13
      11
       5
      10
      13
      14
      14
      15
      10
       7
      10
       9
      14
      10
       6
       7
       7
       8
       5
       7
       7
       5
       6
       2
       1
       6
       0
       1
       3
       2
       5
       0
       0
       1
       1
       1
       1
       2
       2
       0
       2
       0
       0
       2
       1
       1
       0
       3
       2
       0
       0
       1
       3
       0
       2
       0
       0
       0
       1
       0
       2
       1
       0
       0
       1
       0
       2
       1
       0
       1
       0
       1
       0
       2
       1
       0
       0
       0
       0
       2
       0
       0
       0
       0
       0
       1
       1
       0
       2
       0
       0
       0
       2
       0
       0
       0
       1
       0
       1
       0
       0
       0
       0
       1
       0
       4
       0
       3
       0
       1
       1
       0
       0
       1
       0
       1
       1
       0
       0
       1
       0
       1
       0
       0
       0
       0
       0
       0
       1
       1
       0
       0
       0
       0
       0
       0
       0
       1
       0
       1
       1
       0
       0
       1
       1
       1
       0
       1
       0
       0
       0
       0
       0
       1
       0
       1
       0
       0
       0
       0
       2
       0
       0
       1
       0
       1
       0
       0
       1
       0
       0
       0
       0
       0
       1
       0
       1
       1
       0
       1
       0
       1
       0
       0
       1
       0
       0
       0
       1
       0
       0
       0
       0
       0
       0
       0
       2
       0
       0
       0
       0
       0
       0
       0
       1
       0
       0
       1
       0
       1
       0
       1
       0
       0
       0
       1
       0
       0
       0
       0
       0
       0
       0
       0
       0
       0
       0
       1
       0
       1
       1
       0
       0
       0
       0
       0
       0
       0
       0
       0
       0
       0
       0
       0
       2
       1
       0
       0
       0
       0
       0
       0
       0
       0
       0
       0
       1
       0
       0
       0
       0
       0
       1
       0
       0
       0
       1
       0
       0
       1
       0
       0
       0
       0
       0
       0
       1
       0
       0
       0
       0
       0
       0
       0
       0
       0
       0
       0
       0
       0
       0
       0
       0
       1
       0
       0
       0
       0
       0
       0
       1
       0
       0
       0
       0
       0
       0
       0
       0
       0
       0
       0
       0
       0
       0
       0
       0
       0
       0
       1
       0
       0
       1
       0
       0
       1
       0
       0
       0
       0
       0
       0
       0
       0
       0
       0
       0
       0
       0
       1
       0
       0
       0
       0
       0
       0
       0
       0
       0
       0
       0
       0
       1
       0
       1
       0
       0
       1
       0
       0
       0
       0
       0
       0
       0
       0
       0
       0
       0
       0
       0
       0
       0
       0
       0
       0
       0
       0
       0
       0
       0
       0
       0
       0
       0
       0
       0
       0
       0
       0
       0
       0
       0
       0
       0
       0
       0
       0
       0
       0
       0
       0
       0
       0
       0
       1
       0
       0
       2
       0
       0
       1
       0
       0
       0
       0
       0
       0
       0
       0
       0
       0
       0
       0
       0
       0
       0
       0
       1
       0
       0
       0
       0
       0
       0
       0
       0
       0
       0
       0
       1
       0
       0
       0
       0
       0
       0
       0
       0
       0
       0
       0
       0
       0
       0
       0
       0
       0
       0
       0
       0
       0
       0
       0
       0
       0
       0
       0
       0
       0
       0
       0
       0
       0
       0
       0
       1
       0
       0
       0
       0
       0
       0
       0
       0
       0
       0
       0
       0
       0
       0
       0
       0
       0
       0
       0
       0
       0
       0
       0
       0
       0
       0
       0
       0
       0
       0
       0
       0
       1
       0
       0
       0
       0
       0
       0
       1
       0
       0
       0
       0
       0
       0
       0
       0
       0
       0
       0
       0
       0
       0
       0
       0
       0
       0
       0
       0
       0
       0
       0
       0
       0
       0
       0
       0
       0
       0
       0
       0
       0
       0
       0
       0
       0
       0
       0
       0
       0
       0
       0
       0
       0
       0
       0
       0
       0
       0
       0
       0
       0
       0
       0
       0
       0
       0
       0
       0
       0
       0
       0
       0
       0
       0
       0
       0
       0
       0
       0
       0
       0
       0
       0
       0
       0
       0
       0
       0
       0
       1
       0
       0
       0
       0
       0
       0
       0
       0
       0
       0
       0
       0
       0
       0
       0
       0
       0
       0
       0
       0
       0
       0
       0
       0
       0
       0
       0
       0
       0
       0
       0
       0
       0
       0
       0
       0
       0
       0
       0
       0
       0
       0
       0
       0
       0
       0
       0
       0
       0
       0
       0
       0
       0
       0
       0
       0
       0
       0
       0
       0
       0
       0
       0
       0
       0
       0
       0
       0
       1
       0
       0
       0
       0
       0
       0
       0
       0
       0
       0
       0
       0
       0
       0
       0
       0
       0
       0
       0
       0
       0
       0
       0
       0
       0
       0
       0
       0
       0
       0
       0
       0
       0
       0
       0
       0
       0
       0
       0
       0
       0
       0
       0
       0
       0
       0
       0
       0
       0
       0
       0
       0
       0
       0
       0
       0
       0
       0
       0
       0
       0
       0
       0
       0
       0
       0
       0
       0
       0
       0
       0
       0
       0
       0
       0
       0
       0
       0
       0
       0
       0
       0
       0
       0
       0
       0
       0
       0
       0
       0
       0
       0
       0
       0
       0
       0
       0
       0
       0
       0
       0
       0
       0
       0
       0
       0
       0
       0
       0
       0
       0
       0
       0
       0
       0
       0
       0
       0
       0
       0
       0
       0
       0
       0
       0
       0
       0
       0
       0
       0
       0
       0
       0
       0
       0
       0
       0
       0
       0
       0
       0
       0
       0
       0
       0
       0
       0
       0
       0
       0
       0
       0
       0
       0
       0
       0
       0
       0
       0
       0
       0
       0
       0
       0
       0
       0
       0
       0
       0
       0
       0
       0
       0
       0
       0
       0
       0
       0
       0
       0
       0
       0
       0
       0
       0
       0
       0
       0
       0
       0
       0
       0
       0
       0
       0
       0
       0
       0
       0
       0
       0
       0
       0
       0
       0
       0
       0
       0
       0
       0
       0
       0
       0
       0
       0
       0
       0
       0
       0
       0
       0
       0
       0
       0
       0
       0
       0
       0
       0
       0
       0
       0
       0
       0
       0
       0
       0
       0
       0
       0
       0
       0
       0
       0
       0
       0
       0
       0
       0
       0
       0
       0
       0
       0
       0
       0
       0
       0
       0
       0
       0
       0
       0
       0
       0
       0
       0
       0
       0
       0
       0
       0
       0
       0
       0
       0
       0
       0
       0
       0
       0
       0
       0
       0
       0
       0
       0
       0
$ROI:
0
$PRESETS:
None
0
0
$ENER_FIT:
0.000000 0.000000
$MCA_CAL:
3
0.000000E+000 0.000000E+000 0.000000E+000 
$SHAPE_CAL:
3
0.000000E+000 0.000000E+000 0.000000E+000
