# BEGINHEADER
# This file contains data from the SALSA 2m radio telescope.
# DATE=2023-11-13T16:58:0034
# GLON and GLAT given in degrees
# GLON=29.816602616442854
# GLAT=5.252153986021224
# DATA in two columns below. Col. 1 is velocity relative to LSR [km/s]. Col. 2 is uncalibrated antenna temperature [K].
# ENDHEADER
262.08753618035263 0.32414612703728046
260.026392229754 -0.803634777526629
257.96524827915533 -0.9856902874097465
255.90410432855668 -0.028949761152162613
253.84296037795806 0.035250189024229585
251.78181642735942 0.2382341812048831
249.72067247676077 0.5301640293767864
247.65952852616212 0.1655205777748113
245.5983845755635 0.30236140728064265
243.53724062496485 0.5685349143908589
241.4760966743662 1.5461950440530718
239.41495272376756 1.7179391071821541
237.3538087731689 -0.2700336662877296
235.2926648225703 1.1401703441629094
233.23152087197164 1.4724766781484695
231.170376921373 0.7597037435493162
229.10923297077434 0.2790896422447174
227.04808902017572 1.7963032816961977
224.98694506957708 0.17270447837455696
222.92580111897846 0.910906191161439
220.86465716837978 0.7607060860451066
218.80351321778116 0.5476399154033955
216.7423692671825 0.9637881753438162
214.6812253165839 -0.42801261167556504
212.62008136598521 1.0439022810611795
210.5589374153866 1.5691456314564858
208.49779346478795 0.7704559044889179
206.43664951418933 -0.28714439164902744
204.37550556359068 -0.21076211314892065
202.31436161299203 0.08574879512790205
200.25321766239338 1.4225513890579071
198.19207371179473 -0.013438281339483023
196.1309297611961 1.1789889711882588
194.06978581059744 0.8115544572037553
192.00864185999882 -1.263753253147927
189.94749790940014 0.8067224631367629
187.88635395880152 0.756003932744871
185.82521000820287 0.39665117048182635
183.76406605760425 -0.053450125119551516
181.7029221070056 1.0846643925084045
179.64177815640696 0.9045423594039238
177.5806342058083 0.8454403578045764
175.5194902552097 0.7297018910297217
173.45834630461104 0.9042569342121096
171.3972023540124 0.046066901144880164
169.33605840341374 -1.0482182621398763
167.27491445281512 -1.6644234349065004
165.21377050221648 1.3818254327364716
163.15262655161783 0.03181758775353388
161.09148260101918 -1.8594740227664268
159.03033865042053 0.11281514226276235
156.9691946998219 0.13380850586205345
154.90805074922326 -0.5557839695550986
152.84690679862464 0.19058552980515447
150.78576284802597 -1.1803816957357904
148.72461889742735 -1.3508750550781818
146.6634749468287 -1.3661085130464943
144.60233099623008 -1.6598225328752518
142.54118704563143 -0.7403630703380614
140.48004309503278 -1.217937850506316
138.41889914443414 0.6934255267675073
136.35775519383552 -0.7772775162495499
134.29661124323687 -0.6254492274912722
132.23546729263822 0.2869998873637127
130.17432334203957 -0.2896578709199383
128.11317939144095 -0.7259739032502238
126.0520354408423 -0.43336481769899543
123.99089149024365 -0.7009972178761599
121.92974753964502 -0.6334713700283029
119.86860358904637 1.411042493576213
117.80745963844774 0.09689979461520908
115.74631568784909 1.5954065974312692
113.68517173725046 2.2330277833500927
111.62402778665182 0.23259560614498725
109.56288383605317 1.64294967729187
107.50173988545454 4.3738176486639615
105.44059593485588 3.001023103481529
103.37945198425724 2.503976696966184
101.31830803365861 3.486091038973958
99.25716408305996 4.528673025931445
97.19602013246133 5.907586533435988
95.13487618186268 5.6443028857696165
93.07373223126405 5.271843775172181
91.0125882806654 4.315787617319457
88.95144433006676 3.9367973297889267
86.89030037946813 4.832482149548918
84.82915642886948 5.907335292085973
82.76801247827085 6.4868343524605825
80.7068685276722 5.877539724915409
78.64572457707357 6.092300064991077
76.58458062647492 5.534185307590157
74.52343667587628 6.49183421646726
72.46229272527765 6.05686402021057
70.401148774679 6.783639958565088
68.34000482408037 6.366048016699242
66.2788608734817 6.560058078874774
64.21771692288307 6.854384343737303
62.15657297228444 8.20882926191218
60.095429021685796 7.813488196618709
58.034285071087155 8.030885816301918
55.973141120488506 7.358767083202823
53.911997169889865 8.876762172340344
51.85085321929123 8.801537664204206
49.78970926869259 10.24368524317446
47.72856531809395 10.886324469453951
45.66742136749531 12.402969968037954
43.60627741689667 15.460275333371253
41.545133466298026 15.595458563010043
39.483989515699385 15.239030411991669
37.422845565100744 16.263553222594098
35.3617016145021 18.906285153588616
33.30055766390346 18.2051234531143
31.23941371330482 20.058592771980532
29.17826976270618 26.236505662739248
27.117125812107542 29.673337732195566
25.0559818615089 34.844728628289204
22.99483791091026 38.876772248609306
20.93369396031162 41.0294312345624
18.87255000971298 48.76470261287619
16.81140605911434 52.530290803549384
14.750262108515699 57.62065346816401
12.689118157917058 58.469858414758036
10.627974207318417 58.574098520258964
8.566830256719776 60.2840871148588
6.505686306121135 66.03676559365577
4.444542355522493 69.76353183788403
2.3833984049238532 68.31529422616659
0.32225445432521255 55.80214983704628
-1.7388894962734283 34.62885051952271
-3.8000334468720696 19.244974798450926
-5.86117739747071 12.335722014191472
-7.92232134806935 7.847906175952702
-9.98346529866799 5.092694938291281
-12.044609249266632 4.937969248284501
-14.105753199865273 3.351788423337593
-16.166897150463914 5.731643448833026
-18.228041101062555 5.029552932653612
-20.289185051661196 5.6237061747780075
-22.350329002259834 3.9915069561995495
-24.411472952858475 5.903216381319622
-26.472616903457123 6.249581640830457
-28.53376085405576 6.911822300698722
-30.5949048046544 8.823395910085347
-32.656048755253046 11.263663399215924
-34.71719270585168 10.805796392330942
-36.77833665645032 10.909813068677495
-38.83948060704896 11.992796615823273
-40.90062455764761 12.158150141839284
-42.96176850824625 12.228958370654343
-45.022912458844885 12.612677029807914
-47.08405640944353 9.858455547138192
-49.14520036004217 8.493024260567969
-51.20634431064081 6.523373406978093
-53.26748826123945 3.114582952870562
-55.32863221183809 1.9142623131087693
-57.38977616243673 -0.03692292415456298
-59.45092011303537 -0.03530324130891486
-61.512064063634014 0.7359049723013532
-63.573208014232655 -0.5799741685319139
-65.6343519648313 0.22950444396340944
-67.69549591542993 -1.3944244214043382
-69.75663986602858 -0.9831610701365138
-71.81778381662721 -1.8330291902529312
-73.87892776722586 -3.5230076102265286
-75.9400717178245 -0.5976686506022819
-78.00121566842314 -0.4831262231937967
-80.06235961902178 -3.3411670496917885
-82.12350356962041 -1.2372500933526003
-84.18464752021906 -3.1923583353832794
-86.2457914708177 -2.4036068852266443
-88.30693542141636 -1.935788123125152
-90.36807937201499 -1.0416412783405316
-92.42922332261362 -3.0160034385037258
-94.49036727321227 -2.210954291176275
-96.5515112238109 -1.568427908579834
-98.61265517440955 -3.7064909699232595
-100.67379912500819 -2.1538919820717912
-102.73494307560684 -2.7700603982655663
-104.79608702620547 -1.5583483676967567
-106.8572309768041 -0.8030168530200006
-108.91837492740275 -2.5470468938787536
-110.97951887800139 -1.812627587858672
-113.04066282860003 -1.3100086166886076
-115.10180677919867 -2.2919149286407015
-117.16295072979732 -1.7787727250446077
-119.22409468039595 -1.3666995934409532
-121.28523863099458 -2.154795995717091
-123.34638258159323 -2.636562642743286
-125.40752653219187 -3.5145972884432197
-127.46867048279053 -1.2592322610479154
-129.52981443338916 -2.450796264344438
-131.5909583839878 -3.8986882228285937
-133.65210233458643 -3.0244801193881226
-135.71324628518508 -3.0860202674870867
-137.7743902357837 -1.8053784982173295
-139.83553418638238 -1.2820228164478153
-141.896678136981 -1.9027148832184007
-143.95782208757964 -2.1762440527005342
-146.01896603817826 -0.8392316047659446
-148.0801099887769 -2.7651276054936873
-150.1412539393756 -2.558605613631698
-152.2023978899742 -1.0653912363118319
-154.26354184057286 -1.8966800718746302
-156.32468579117148 -3.124404400761632
-158.38582974177015 -2.866755536895198
-160.44697369236877 -1.3155304721931969
-162.50811764296742 -2.5270578421674883
-164.56926159356604 -0.9766604709934636
-166.6304055441647 -3.185737705348819
-168.69154949476334 -1.9704179245571238
-170.75269344536198 -1.8917183456997417
-172.8138373959606 -3.033435473195767
-174.87498134655925 -2.640795661587649
-176.93612529715787 -2.6037727061748064
-178.99726924775655 -2.5701438674715096
-181.05841319835517 -1.8869228861504397
-183.11955714895382 -2.0731493860714227
-185.18070109955246 -3.1627275886380692
-187.2418450501511 -2.8007489505474377
-189.30298900074976 -2.003685823442568
-191.36413295134838 -1.9574502846548771
-193.42527690194703 -0.8375958410903621
-195.48642085254565 -1.6987051368027652
-197.54756480314433 -2.692497596024433
-199.60870875374292 -3.1310098042742873
-201.66985270434157 -1.6417048679725397
-203.73099665494018 -0.014672588044182538
-205.79214060553886 -1.403301023927844
-207.85328455613748 -1.7036760333046226
-209.91442850673613 -1.197688944214872
-211.97557245733475 -1.2814984863091328
-214.03671640793343 -1.8964505181664224
-216.09786035853205 -2.543339137876294
-218.1590043091307 -2.378321954760996
-220.2201482597293 -2.3799443717059443
-222.28129221032796 0.4147141095513582
-224.34243616092664 -1.784305029964813
-226.40358011152526 -4.664285610618183
-228.4647240621239 -2.76839501500103
-230.52586801272253 -1.6317670474682007
-232.58701196332117 -3.7631166939118152
-234.64815591391982 -2.7415087407071432
-236.70929986451847 -1.2011008784643757
-238.7704438151171 -2.553886793465817
-240.83158776571574 -2.505894202043782
-242.8927317163144 -1.9587434938599635
-244.95387566691304 -1.2015010281220566
-247.01501961751165 -1.1177146987888185
-249.0761635681103 -1.304203782350556
-251.13730751870892 -1.052356840361647
-253.1984514693076 -3.092038670558289
-255.25959541990622 -0.3166785794758864
-257.32073937050484 -1.5504253497126417
-259.3818833211035 -0.8974018129549899
-261.44302727170214 0.7247727184506635
-263.5041712223008 0.4421671332463394
