# BEGINHEADER
# This file contains data from the SALSA 2m radio telescope.
# DATE=2023-11-13T16:55:0034
# GLON and GLAT given in degrees
# GLON=39.89317447104405
# GLAT=5.222264314338024
# DATA in two columns below. Col. 1 is velocity relative to LSR [km/s]. Col. 2 is uncalibrated antenna temperature [K].
# ENDHEADER
263.0314241707821 -1.8376307653624604
260.97028022018344 -3.5074752091283705
258.90913626958485 -1.0014166920392358
256.8479923189862 -2.559224090650958
254.78684836838755 -3.0450827231677087
252.7257044177889 -2.436982941156538
250.66456046719026 -2.8751632193021193
248.60341651659164 -4.846030492273163
246.542272565993 -1.0677095773521479
244.48112861539437 -1.867132463480706
242.4199846647957 -2.054082431694613
240.35884071419707 0.18353412375402284
238.29769676359842 -1.2683302563120447
236.23655281299978 -2.6868765390728813
234.17540886240116 -3.308403278332125
232.11426491180248 -2.8998999850296276
230.05312096120386 -3.294822249307327
227.9919770106052 -1.4538222927237414
225.9308330600066 -1.7769601018119296
223.86968910940791 -2.031030634157955
221.8085451588093 -1.6450335671880583
219.74740120821065 -3.0743791046770728
217.68625725761203 -0.9087250404416928
215.62511330701338 -0.9074141662929148
213.56396935641473 -2.278151741722429
211.50282540581608 -1.195275241662671
209.44168145521746 -1.8716769932722024
207.38053750461881 -3.337571170358056
205.3193935540202 -2.5148754548511185
203.25824960342152 -2.8286126110439387
201.19710565282287 -2.3850843813389724
199.13596170222425 -2.447206274851331
197.0748177516256 -2.332135197444574
195.01367380102695 -0.439548820722241
192.9525298504283 -2.546524471443736
190.8913858998297 -2.84226275783537
188.83024194923104 -2.5033133110803374
186.76909799863242 -2.2918565685496204
184.70795404803374 -1.9546813565251338
182.64681009743512 -4.678145254897923
180.58566614683647 -3.5258862161648468
178.52452219623785 -3.543056064356544
176.4633782456392 -3.0702938772601347
174.40223429504056 -3.449906621975162
172.3410903444419 -3.253137458731916
170.2799463938433 -3.064373869657777
168.21880244324464 -2.5962233500624103
166.157658492646 -2.8887929552599734
164.09651454204734 -2.919252277576763
162.0353705914487 -4.413498411465387
159.97422664085008 -2.7876771654791743
157.91308269025143 -1.943448904698097
155.85193873965278 -2.5709438763136445
153.79079478905413 -5.179871193082106
151.7296508384555 -2.4767400490392464
149.66850688785686 -2.8309660451150216
147.60736293725824 -2.6176016929355903
145.54621898665957 -1.984170073490623
143.48507503606095 -3.358045406877032
141.4239310854623 -3.4527422138778143
139.36278713486368 -3.3390474902773435
137.30164318426503 -2.5027261741571794
135.24049923366638 -4.0248662499753864
133.17935528306774 -3.2277274561934353
131.11821133246912 -2.6038019460029553
129.05706738187047 -4.026263265749735
126.99592343127182 -1.7800793292599884
124.93477948067317 -4.031873846510569
122.87363553007454 -3.932710341581629
120.8124915794759 -3.905754883598884
118.75134762887726 -3.659527570226991
116.69020367827862 -4.7143703782872315
114.62905972767997 -3.7153868310081903
112.56791577708134 -3.1959992662994057
110.50677182648269 -3.9799066332198514
108.44562787588406 -3.7187769944752347
106.38448392528542 -5.156999362506555
104.32333997468676 -3.259044886960955
102.26219602408813 -3.5177684871596124
100.20105207348948 -3.0866703820009143
98.13990812289084 -2.526445270052932
96.07876417229221 -3.050739234622083
94.01762022169356 -2.5028662159888
91.95647627109493 -2.9288097480668593
89.89533232049628 -1.5367419918587129
87.83418836989765 1.9833432536842377
85.773044419299 2.0347137476998127
83.71190046870036 3.026601428382245
81.65075651810173 1.5125061549340106
79.58961256750308 4.273988722571162
77.52846861690445 2.4959716590379757
75.4673246663058 3.577485250780001
73.40618071570717 4.914951922353282
71.34503676510852 5.330959538620565
69.28389281450988 6.2990340129889235
67.22274886391125 6.1773506615310225
65.16160491331259 7.30991125123781
63.10046096271395 7.9503212917636095
61.03931701211532 8.771986727451859
58.97817306151668 8.670258446659123
56.91702911091804 12.22621575423806
54.85588516031939 12.541939588389498
52.79474120972075 13.412941085343522
50.73359725912211 13.868132297864035
48.67245330852347 15.404021269986838
46.61130935792483 17.305716395727824
44.55016540732619 21.143810889370233
42.489021456727556 24.24266445902992
40.427877506128915 28.35098161207122
38.366733555530274 31.268442528323362
36.30558960493163 36.45390492188917
34.244445654332985 37.175543410978385
32.18330170373435 39.442878003720224
30.122157753135706 39.09096766754292
28.061013802537065 41.810334325894125
25.999869851938428 43.69979248519397
23.938725901339787 43.11029968465408
21.877581950741146 40.64273653916807
19.816438000142504 38.77498992202849
17.755294049543863 40.12496317062756
15.694150098945222 40.564097112894736
13.633006148346581 39.07099277384321
11.57186219774794 40.08956966095741
9.510718247149297 44.508290423799366
7.449574296550658 51.620900940752925
5.388430345952018 56.87660723076723
3.327286395353377 53.44285227473891
1.2661424447547358 42.87251075797524
-0.7950015058439048 26.702293849076636
-2.8561454564425457 13.359106767974437
-4.917289407041186 6.560446536558292
-6.978433357639828 3.350003369280902
-9.039577308238467 -0.12136568510770401
-11.10072125883711 0.5683392328402127
-13.161865209435748 -0.7971741083448147
-15.22300916003439 0.5088800620851869
-17.28415311063303 0.6218051606111682
-19.345297061231673 -0.08531861447242196
-21.40644101183031 2.2100789083830366
-23.46758496242895 1.9844201911724701
-25.528728913027592 2.712802568809972
-27.589872863626237 3.4183311298481898
-29.651016814224874 2.5456715590911196
-31.712160764823516 3.7116705322301056
-33.77330471542216 4.0859491604462095
-35.8344486660208 2.954177339668109
-37.89559261661944 2.8460071250916363
-39.95673656721807 4.911059877612024
-42.01788051781672 5.08475435902534
-44.07902446841536 4.706836636066362
-46.140168419014 5.285834067856619
-48.201312369612644 7.387248439711078
-50.262456320211285 9.283787044802713
-52.323600270809926 9.855705721720922
-54.38474422140857 11.041255468675283
-56.44588817200721 11.538177657836048
-58.50703212260585 9.916183852280387
-60.5681760732045 7.3243041288649735
-62.62932002380314 6.37837894191488
-64.69046397440177 5.984827329917814
-66.75160792500041 1.4080013832230642
-68.81275187559906 1.0523285058346152
-70.8738958261977 0.6104384669067499
-72.93503977679633 -1.2551173379069596
-74.99618372739498 -0.45534704623061334
-77.05732767799361 -1.4525341928869957
-79.11847162859226 -2.186480261352393
-81.1796155791909 -4.782426964492469
-83.24075952978954 -3.3579973427995857
-85.30190348038818 -4.458457255788459
-87.36304743098681 -4.61143406242886
-89.42419138158547 -4.78347324880322
-91.4853353321841 -4.728711204145378
-93.54647928278276 -6.350072583521161
-95.60762323338139 -5.003958649631774
-97.66876718398002 -5.6930445143894435
-99.72991113457867 -5.465119790306529
-101.7910550851773 -5.3508932451902185
-103.85219903577595 -6.73106098213627
-105.91334298637459 -4.423943735946301
-107.97448693697324 -5.067625006763702
-110.03563088757187 -5.201747688569764
-112.0967748381705 -5.510987783596285
-114.15791878876915 -5.5135899697100275
-116.21906273936779 -5.138891731660787
-118.28020668996643 -5.2504320262236845
-120.34135064056507 -5.263467066867839
-122.40249459116372 -6.175814924114577
-124.46363854176235 -5.470627910282207
-126.52478249236098 -6.156354373645359
-128.58592644295965 -3.347652601119321
-130.64707039355827 -4.300651023703695
-132.70821434415691 -6.066030042938862
-134.76935829475556 -4.782775983412837
-136.8305022453542 -6.056338926473616
-138.89164619595283 -5.999869927483012
-140.95279014655148 -6.681970555759791
-143.0139340971501 -6.605238574390693
-145.07507804774878 -5.031150420320378
-147.1362219983474 -6.259044773144073
-149.19736594894604 -3.2339450781116024
-151.2585098995447 -4.297571581395647
-153.3196538501433 -4.908912594130994
-155.380797800742 -4.331515341245658
-157.4419417513406 -5.820459238942869
-159.50308570193926 -5.390333524231475
-161.56422965253788 -6.437636730574967
-163.62537360313655 -3.9819289719095896
-165.68651755373517 -3.1614117209653108
-167.74766150433382 -4.8082748876443695
-169.80880545493244 -4.774036377518702
-171.8699494055311 -6.025850420560775
-173.93109335612974 -5.030405666981562
-175.99223730672838 -3.6961198614102884
-178.053381257327 -5.676718007140912
-180.11452520792565 -4.388979746253616
-182.17566915852427 -5.843291631969455
-184.23681310912295 -4.598147557347487
-186.2979570597216 -3.1998246740469254
-188.35910101032022 -4.184294368544124
-190.42024496091886 -5.510686633081971
-192.4813889115175 -7.351007755793587
-194.54253286211616 -5.0058796827043075
-196.60367681271478 -5.798150286632518
-198.66482076331343 -5.404062378148565
-200.72596471391205 -4.404773561394892
-202.78710866451073 -4.202475447583934
-204.84825261510935 -4.557172438965237
-206.909396565708 -5.215479903550747
-208.9705405163066 -2.7226296477814844
-211.03168446690526 -5.004664187595226
-213.0928284175039 -4.740186879367457
-215.15397236810256 -4.998603474635283
-217.21511631870118 -4.877055826209051
-219.27626026929983 -5.081748084287722
-221.33740421989847 -5.7205657993211325
-223.39854817049712 -3.973327282181544
-225.45969212109577 -5.474515239408306
-227.5208360716944 -3.923408021682007
-229.58198002229304 -5.196129246940247
-231.6431239728917 -6.686844833572513
-233.70426792349033 -4.80030714872844
-235.76541187408895 -4.268171961473415
-237.8265558246876 -4.654749689530532
-239.88769977528622 -4.465045943670415
-241.9488437258849 -5.732745831618914
-244.00998767648352 -6.599051334137621
-246.07113162708217 -5.316166729905157
-248.1322755776808 -6.053889957071876
-250.19341952827943 -5.459799298944756
-252.25456347887808 -3.6722751408365712
-254.31570742947673 -3.697252548051446
-256.3768513800754 -2.7247234546148182
-258.43799533067397 -1.8526678026936907
-260.4991392812727 -2.754785873294598
-262.56028323187127 -3.5776099861939175
