# BEGINHEADER
# This file contains data from the SALSA 2m radio telescope.
# DATE=2023-11-13T16:13:0013
# GLON and GLAT given in degrees
# GLON=9.833328068633511
# GLAT=10.316337548245757
# DATA in two columns below. Col. 1 is velocity relative to LSR [km/s]. Col. 2 is uncalibrated antenna temperature [K].
# ENDHEADER
263.24511639035995 -3.9749344786971497
261.1839724397613 -8.934153199151453
259.12282848916266 -9.032359255620616
257.061684538564 -6.941149454645198
255.00054058796533 -5.187621627796034
252.9393966373667 -7.662051847852791
250.87825268676806 -6.204710753502781
248.81710873616944 -5.689867476402437
246.75596478557077 -5.9676170526040035
244.69482083497215 -5.605571332622667
242.6336768843735 -6.746470021976035
240.57253293377488 -6.042368902008403
238.51138898317623 -5.433620041049218
236.45024503257758 -4.890800652929204
234.38910108197894 -5.620489600760133
232.32795713138032 -5.826531065590395
230.26681318078167 -7.576482927779099
228.20566923018302 -5.537177032137617
226.14452527958437 -5.874528935691919
224.08338132898575 -5.66817134469675
222.0222373783871 -5.381835270731423
219.96109342778848 -5.372854202076237
217.8999494771898 -7.625611746745766
215.83880552659116 -7.12073180443591
213.77766157599254 -5.698569064611026
211.7165176253939 -6.059649131506995
209.65537367479527 -6.982884682923649
207.5942297241966 -7.217658238966282
205.53308577359797 -6.293315803568644
203.47194182299933 -7.457823107840967
201.4107978724007 -5.568165826676981
199.34965392180203 -5.9054430998505945
197.2885099712034 -6.806780138441243
195.22736602060476 -6.9960084345355185
193.16622207000614 -5.790197945911458
191.1050781194075 -8.06945255048498
189.04393416880885 -7.083065995318766
186.9827902182102 -6.327066623204529
184.92164626761158 -8.283747969300354
182.86050231701293 -7.084092259384938
180.7993583664143 -8.026740306144207
178.73821441581563 -7.34376417276148
176.67707046521699 -7.552961957058155
174.61592651461837 -7.490888935066634
172.55478256401972 -6.699841396558401
170.4936386134211 -7.0242634783046185
168.43249466282242 -7.821162876056144
166.3713507122238 -7.424062066228518
164.31020676162515 -6.169778317518252
162.24906281102653 -6.99198319157969
160.18791886042786 -6.586208623796929
158.12677490982924 -7.51228540055194
156.0656309592306 -8.586052845359832
154.00448700863197 -8.04308430015395
151.94334305803332 -8.572980773092054
149.88219910743467 -8.777831514173231
147.82105515683602 -8.428755387204378
145.7599112062374 -6.594289953671826
143.69876725563876 -7.237513271503056
141.63762330504014 -7.6703954597733786
139.57647935444146 -9.192904223667792
137.5153354038428 -8.882931537994072
135.4541914532442 -8.2138327315135
133.39304750264554 -9.298059860905402
131.3319035520469 -7.79150695223817
129.27075960144828 -6.0711398834551105
127.20961565084963 -9.129997881856442
125.148471700251 -9.751167046758338
123.08732774965235 -8.703437921192338
121.02618379905371 -9.066642229601864
118.96503984845505 -9.426777796971228
116.90389589785642 -8.09498678651814
114.84275194725778 -7.9468712556540595
112.78160799665913 -9.077567171042858
110.7204640460605 -8.46856450429404
108.65932009546185 -9.438152166661434
106.59817614486322 -10.367209632812765
104.53703219426457 -10.204785799461261
102.47588824366593 -10.732665436120962
100.4147442930673 -9.510765165907491
98.35360034246864 -10.074849882599306
96.29245639187 -7.989995182831038
94.23131244127137 -10.075558200809937
92.17016849067272 -7.376484385973429
90.10902454007409 -8.797336780256982
88.04788058947544 -7.50673475387735
85.9867366388768 -4.962201797986753
83.92559268827816 0.14819961477656077
81.86444873767951 1.5193247114422574
79.80330478708088 -7.502939010963747
77.74216083648223 -8.317130369602205
75.6810168858836 -10.639636076102626
73.61987293528495 -10.345876895567011
71.55872898468631 -9.263705478312046
69.49758503408766 -7.356459132431369
67.43644108348903 -10.212379605210144
65.3752971328904 -10.395312171349905
63.31415318229175 -10.882707957841935
61.253009231693106 -10.540761968485299
59.19186528109447 -9.96765866798486
57.13072133049583 -8.077593434844854
55.06957737989719 -11.016130052665373
53.00843342929854 -8.568420656422644
50.9472894786999 -9.456691534383172
48.88614552810127 -11.316490216069118
46.825001577502626 -8.807391536647906
44.763857626903985 -10.393835495243593
42.70271367630535 -9.142780560478238
40.64156972570671 -9.170628730963646
38.58042577510807 -10.948020018391073
36.51928182450943 -10.378984540119145
34.458137873910786 -8.961986369677149
32.396993923312145 -10.060241801231108
30.335849972713504 -11.013389918837857
28.27470602211486 -9.736247537608861
26.21356207151622 -10.06277618634537
24.152418120917577 -9.868351340338254
22.091274170318936 -9.663730011911998
20.0301302197203 -9.612802648356501
17.968986269121654 -9.11947865279254
15.907842318523013 -8.669209475647612
13.846698367924374 -8.38809350653216
11.785554417325733 -7.6388059508215616
9.724410466727091 -9.164039751549007
7.66326651612845 -10.146179863202153
5.60212256552981 -9.539404842822895
3.54097861493117 -8.537083304792224
1.4798346643325293 -8.616395076910523
-0.5813092862661116 -8.115555808207603
-2.6424532368647524 -7.881093758182998
-4.7035971874633935 -6.6628288420437825
-6.764741138062035 -7.922109747890547
-8.825885088660677 -7.1209919753751425
-10.887029039259316 -8.336005109508388
-12.948172989857957 -8.071659345550653
-15.009316940456598 -9.16873765981125
-17.070460891055237 -8.016274170926096
-19.13160484165388 -8.850575219629684
-21.19274879225252 -8.60708082676876
-23.25389274285116 -8.55758377061932
-25.315036693449798 -8.879442651691315
-27.37618064404844 -9.701047335614271
-29.437324594647084 -11.140850406793735
-31.49846854524572 -9.583501063949953
-33.55961249584436 -11.051477622444576
-35.620756446443 -12.574934943442624
-37.681900397041645 -11.035602214199757
-39.743044347640286 -10.360679505603537
-41.80418829823892 -10.138065486983448
-43.86533224883756 -10.540114663883301
-45.92647619943621 -11.310706635691565
-47.98762015003485 -10.843728880078615
-50.0487641006335 -10.845231014002291
-52.10990805123213 -11.586812693363164
-54.17105200183077 -11.483627715428531
-56.232195952429414 -12.778520419272072
-58.293339903028055 -12.426515643452495
-60.3544838536267 -11.925360290434789
-62.41562780422534 -10.705041133263157
-64.47677175482397 -10.934206076425243
-66.53791570542262 -13.781591299826909
-68.59905965602125 -10.799930630248785
-70.6602036066199 -10.709590935203178
-72.72134755721855 -11.804873646527776
-74.78249150781718 -11.701839816801774
-76.84363545841583 -12.558342746628846
-78.90477940901447 -12.640002376652598
-80.96592335961311 -13.209126390772003
-83.02706731021175 -12.096821987194113
-85.08821126081038 -12.791669825598655
-87.14935521140903 -11.6327325218467
-89.21049916200766 -10.814035521963598
-91.27164311260631 -11.90897209121279
-93.33278706320495 -12.442356118815477
-95.3939310138036 -12.212134812727163
-97.45507496440223 -12.035546909225186
-99.51621891500086 -12.774930868904214
-101.5773628655995 -14.101784760940077
-103.63850681619815 -11.337087722535193
-105.69965076679678 -11.165602894035837
-107.76079471739541 -13.042207820188846
-109.82193866799406 -11.90550221357478
-111.8830826185927 -11.18388350437878
-113.94422656919136 -12.543352555377453
-116.00537051978999 -12.708876126133923
-118.06651447038864 -11.13543477675796
-120.12765842098727 -11.334741839561474
-122.18880237158591 -12.604537602937802
-124.24994632218456 -11.749224181073329
-126.31109027278319 -10.709554078834106
-128.37223422338184 -11.69841944609942
-130.43337817398046 -9.525831240575599
-132.49452212457913 -12.204941198404743
-134.55566607517775 -11.955055538354479
-136.6168100257764 -12.314071686698169
-138.67795397637502 -11.88361962371242
-140.7390979269737 -11.195721684713789
-142.80024187757232 -11.82431529453242
-144.86138582817097 -11.411768842778578
-146.9225297787696 -11.393216070587009
-148.98367372936823 -10.964043415900717
-151.04481767996688 -12.113011281884953
-153.10596163056553 -11.937731803125638
-155.16710558116415 -12.731179963123052
-157.2282495317628 -12.451051945742968
-159.28939348236145 -13.422978146586692
-161.3505374329601 -13.960820914148176
-163.41168138355872 -11.445493481284402
-165.47282533415736 -11.747096542225556
-167.53396928475598 -11.584925729302556
-169.59511323535466 -12.380103386375255
-171.6562571859533 -11.177779504487667
-173.71740113655193 -13.642655448143964
-175.77854508715058 -10.769591782956768
-177.8396890377492 -12.147534735589606
-179.90083298834787 -13.030587001934625
-181.9619769389465 -11.09448220348634
-184.02312088954514 -12.187972762591944
-186.08426484014376 -12.507260214762361
-188.14540879074244 -10.83000036162221
-190.20655274134106 -9.71159991013016
-192.2676966919397 -11.903447283389681
-194.32884064253832 -12.069773098522075
-196.38998459313697 -12.647482586529305
-198.45112854373562 -10.492138329386062
-200.51227249433427 -12.623797045332683
-202.5734164449329 -12.818327637459277
-204.63456039553154 -12.337359470933192
-206.69570434613016 -12.307272297552753
-208.75684829672883 -10.936900369417593
-210.81799224732748 -10.715035273657248
-212.8791361979261 -11.468228897962097
-214.94028014852475 -11.339161234448142
-217.00142409912337 -10.974311880779425
-219.06256804972205 -11.346003027262682
-221.12371200032067 -11.490427445272463
-223.1848559509193 -12.456662560139543
-225.24599990151793 -11.107361132272967
-227.3071438521166 -12.203108923384358
-229.36828780271523 -10.058653269909657
-231.42943175331388 -13.423363161987872
-233.4905757039125 -11.801253387915672
-235.55171965451115 -10.458365323145443
-237.6128636051098 -9.714703676426167
-239.67400755570844 -10.89626271011714
-241.73515150630706 -11.521553976858835
-243.7962954569057 -10.339226376895967
-245.85743940750433 -10.661374502705963
-247.918583358103 -12.05739787846732
-249.97972730870165 -10.722516730014414
-252.04087125930027 -9.530290858002099
-254.10201520989892 -10.123304663354617
-256.16315916049757 -8.89605340825595
-258.2243031110962 -8.763167813789735
-260.28544706169487 -7.279853399511785
-262.34659101229346 -6.8161554298460745
