# BEGINHEADER
# This file contains data from the SALSA 2m radio telescope.
# DATE=2023-11-13T16:40:0049
# GLON and GLAT given in degrees
# GLON=99.8311002378366
# GLAT=4.995661859316262
# DATA in two columns below. Col. 1 is velocity relative to LSR [km/s]. Col. 2 is uncalibrated antenna temperature [K].
# ENDHEADER
270.29856776111603 -1.1794174180944186
268.2374238105174 -3.12617687124947
266.1762798599187 -2.0873279057063527
264.1151359093201 -1.0435515711287942
262.05399195872144 -2.3202928146119564
259.9928480081228 -1.3344562944744167
257.93170405752414 -1.42880249147102
255.87056010692552 -1.6959090977944036
253.8094161563269 -0.8610143066674363
251.74827220572823 0.03978700780339931
249.68712825512958 -3.1648895453239727
247.62598430453096 -1.4744544556949373
245.5648403539323 -0.2585582304832702
243.50369640333366 -0.0020584670946586447
241.44255245273501 0.4344304187808896
239.3814085021364 -0.4285477585311101
237.32026455153775 0.0199339469346678
235.25912060093913 0.5216137675299887
233.19797665034045 -0.310062563625894
231.13683269974183 -0.7274253789357932
229.07568874914318 -0.0797629329167038
227.01454479854456 0.6009149177353014
224.95340084794591 -1.9356537310716468
222.89225689734727 -0.6155760497744676
220.83111294674862 -0.2707312816331503
218.76996899615 -2.2051255015537152
216.70882504555135 -2.792257573776443
214.6476810949527 0.743153065153704
212.58653714435405 -1.1441170161901384
210.5253931937554 -1.6280809270217456
208.4642492431568 -0.5582082819066839
206.40310529255814 -0.7968484739829328
204.3419613419595 -2.0249908138776633
202.28081739136084 -1.8618375676519474
200.21967344076222 -0.4671342518444511
198.1585294901636 -1.092487243997246
196.09738553956495 -0.766625128449586
194.0362415889663 -1.8107861902949327
191.97509763836769 -1.5361694043105176
189.91395368776904 -1.9916290503965914
187.8528097371704 -1.2649179373329307
185.79166578657174 -2.6383753722194094
183.73052183597312 -1.8640209429645946
181.66937788537447 -1.545690111392846
179.60823393477585 -2.9581525188506617
177.54708998417718 -1.159365312009956
175.48594603357856 -1.7148705616136144
173.4248020829799 -0.8392360902457253
171.3636581323813 -0.9437134861850537
169.30251418178264 -2.195428628402944
167.24137023118396 -0.5589865990676894
165.18022628058534 -2.145036648709146
163.1190823299867 -2.7003183253471232
161.05793837938808 -0.7054007489650777
158.9967944287894 -1.331355112563463
156.93565047819078 -1.6208867632489772
154.87450652759213 -1.2650472943335098
152.8133625769935 -1.9572852975865256
150.75221862639486 -2.065302517588842
148.69107467579622 -2.1523294764290117
146.62993072519757 -1.0106470046845322
144.56878677459895 -3.2429457865144093
142.5076428240003 -1.8299723899812148
140.44649887340168 -1.689085512780536
138.385354922803 -2.6083948076647574
136.32421097220438 -2.862923781652185
134.26306702160574 -1.1386960436895401
132.20192307100712 -2.4811517562657297
130.14077912040844 -3.1797189408080513
128.07963516980982 -1.7213257568946934
126.01849121921117 -0.3064325805360495
123.95734726861254 -2.355842214217999
121.89620331801389 -0.9808341854929301
119.83505936741525 -2.7660933877968743
117.7739154168166 -2.704212303194038
115.71277146621797 -2.6541154514222516
113.65162751561934 -4.800695638314455
111.59048356502068 -2.026081351635546
109.52933961442204 -2.801537745556488
107.4681956638234 -3.2866578131061903
105.40705171322476 -3.6085295401684054
103.34590776262611 -3.497700560736307
101.28476381202748 -2.6941078705136317
99.22361986142884 -4.226785459060665
97.1624759108302 -3.8935809421921075
95.10133196023156 -3.481586398794149
93.04018800963291 -3.810010599438743
90.97904405903428 -2.641998480710843
88.91790010843565 -3.040461019627195
86.856756157837 -1.998484883921322
84.79561220723836 -3.923056365962545
82.73446825663972 -3.4752968415320673
80.67332430604108 -1.9109948990985075
78.61218035544243 -4.50468695837592
76.5510364048438 -3.345214763779536
74.48989245424517 -3.8493157659461272
72.4287485036465 -4.831506954549122
70.36760455304787 -3.858925593216869
68.30646060244922 -3.5775176785770517
66.24531665185059 -3.3715783353230737
64.18417270125195 -3.124123077593162
62.123028750653305 -3.957761057815238
60.06188480005466 -5.095977595797175
58.00074084945602 -2.869035870118721
55.93959689885738 -4.766881680212635
53.87845294825875 -3.404565616026499
51.817308997660106 -5.353110052667292
49.756165047061465 -3.3751727547486507
47.69502109646282 -3.0893161124325403
45.63387714586417 -1.7801529950189776
43.572733195265535 -3.376465036069672
41.511589244666894 -4.033693799762269
39.45044529406825 -3.157410890873269
37.38930134346961 -4.397232589145452
35.32815739287097 -3.283611802122525
33.26701344227233 -2.718308645756256
31.205869491673692 -1.9188098388493169
29.144725541075047 -3.7984694051866383
27.083581590476406 -2.0606529471795922
25.02243763987777 -0.6753004948794512
22.961293689279128 -1.0836003087128143
20.900149738680483 -0.09662790694495417
18.839005788081845 -0.5808752012503886
16.777861837483204 -0.7410350729992418
14.716717886884565 4.009248244726496
12.655573936285922 8.210888545904545
10.594429985687283 12.47758164111496
8.53328603508864 22.10708967675717
6.472142084490001 32.9237055665617
4.41099813389136 54.88608885628897
2.349854183292719 75.81863580506386
0.2887102326940785 86.56041960721527
-1.7724337179045624 87.99648108204298
-3.833577668503203 86.73461016648642
-5.894721619101843 81.22310225756155
-7.955865569700485 70.7885754750811
-10.017009520299125 60.63503017191918
-12.078153470897767 53.83304980568395
-14.139297421496407 47.22349118443883
-16.20044137209505 42.94189774674244
-18.26158532269369 36.912689327447225
-20.32272927329233 33.739362880539666
-22.38387322389097 31.832170502455522
-24.44501717448961 28.900098435840263
-26.50616112508825 27.466590869983367
-28.567305075686892 24.11554630815468
-30.628449026285534 23.191655158146663
-32.68959297688418 20.435046700975178
-34.75073692748282 18.025910213415496
-36.81188087808146 17.3818179302459
-38.873024828680094 15.388619323532495
-40.934168779278735 14.636604771308559
-42.99531272987738 12.195801038925415
-45.05645668047602 11.228600985420137
-47.11760063107466 12.918587675198141
-49.1787445816733 11.576235423252825
-51.239888532271934 13.118960114642995
-53.30103248287058 14.760100611202317
-55.36217643346922 16.630959550897085
-57.42332038406786 17.279162953356696
-59.4844643346665 19.69904013569756
-61.54560828526514 23.968961410013947
-63.60675223586378 28.65120718954406
-65.66789618646241 30.69820156353827
-67.72904013706106 32.04559727922512
-69.7901840876597 30.198131898568718
-71.85132803825834 27.467274017749865
-73.91247198885698 26.06463867792223
-75.97361593945563 22.283426482939156
-78.03475989005426 21.81806579088072
-80.0959038406529 21.106669311040566
-82.15704779125156 20.09602765293652
-84.21819174185019 18.90314724181435
-86.27933569244884 20.518543914032453
-88.34047964304747 20.75374764350547
-90.40162359364612 23.97655976885308
-92.46276754424476 21.03188181499307
-94.52391149484339 20.909077701440705
-96.58505544544204 18.94278340629947
-98.64619939604067 16.47095543280796
-100.70734334663932 13.330199973887831
-102.76848729723795 13.716983227747887
-104.82963124783659 11.159424064402216
-106.89077519843524 7.188109921096425
-108.95191914903387 8.589296788135279
-111.01306309963252 7.235860806300976
-113.07420705023115 5.925170172319445
-115.1353510008298 4.710888157746597
-117.19649495142843 4.22937361367283
-119.25763890202707 2.678084568258969
-121.31878285262573 1.0169125980319214
-123.37992680322436 2.0746898735694237
-125.44107075382301 0.45973802595569324
-127.50221470442165 -0.3757212379525137
-129.5633586550203 -2.552915618367362
-131.62450260561894 -1.230487853570191
-133.68564655621756 -1.2334258951191315
-135.7467905068162 -2.867824582766327
-137.80793445741483 -3.605581375651066
-139.86907840801348 -3.275280322445436
-141.93022235861216 -4.833500514073919
-143.99136630921078 -4.655262176783589
-146.05251025980942 -5.724103387078417
-148.11365421040804 -4.432383014442924
-150.1747981610067 -5.807450589388217
-152.23594211160534 -5.14684187460885
-154.297086062204 -5.129222608476217
-156.3582300128026 -6.24490635371779
-158.41937396340126 -6.0766397562471814
-160.48051791399988 -5.020167730551283
-162.54166186459855 -4.734109584133247
-164.60280581519717 -5.489440225608384
-166.66394976579582 -4.890314785860113
-168.72509371639444 -3.4088884807032
-170.78623766699312 -4.513318670365101
-172.84738161759174 -5.848210900520743
-174.90852556819038 -4.8774624593262
-176.969669518789 -2.9646782542826844
-179.03081346938765 -5.385284514710982
-181.09195741998633 -5.362389152955041
-183.15310137058495 -5.462896796944478
-185.2142453211836 -6.790719697427985
-187.27538927178222 -5.8615426963152615
-189.33653322238087 -5.676355582528004
-191.3976771729795 -2.558208468699432
-193.45882112357816 -5.061331217931083
-195.51996507417678 -4.954491734042801
-197.58110902477543 -3.530421297159641
-199.64225297537408 -6.499033192995402
-201.70339692597273 -4.6612504102485754
-203.76454087657137 -5.997135889142575
-205.82568482717002 -5.788003092962856
-207.88682877776864 -4.448153206706455
-209.9479727283673 -5.614180322379215
-212.00911667896594 -5.017447208777105
-214.0702606295646 -4.93105658992034
-216.13140458016323 -4.652994052516969
-218.19254853076185 -4.855099166287146
-220.2536924813605 -4.555359259405201
-222.31483643195915 -4.295701244025875
-224.3759803825578 -5.362272462925014
-226.43712433315642 -8.075213704323058
-228.49826828375507 -5.612765013598654
-230.5594122343537 -5.462517064516962
-232.62055618495236 -4.416212094103592
-234.68170013555098 -5.002115306711494
-236.74284408614963 -5.452965427970308
-238.80398803674825 -4.038048102138841
-240.86513198734693 -4.249393995712505
-242.92627593794555 -4.016646062808465
-244.9874198885442 -3.3306027241479312
-247.04856383914282 -3.367085706521073
-249.10970778974146 -5.776288828979907
-251.1708517403401 -3.599606415814685
-253.23199569093876 -3.5750373535261497
-255.2931396415374 -4.288625936795536
