# BEGINHEADER
# This file contains data from the SALSA 2m radio telescope.
# DATE=2023-11-13T16:04:0012
# GLON and GLAT given in degrees
# GLON=5.833269249289612
# GLAT=0.28482818194774384
# DATA in two columns below. Col. 1 is velocity relative to LSR [km/s]. Col. 2 is uncalibrated antenna temperature [K].
# ENDHEADER
258.0536112718369 -2.73534978207339
255.99246732123828 -6.6201618187686195
253.93132337063966 -5.9238470158009084
251.870179420041 -7.72563315659051
249.8090354694424 -8.86666557248772
247.74789151884374 -9.880606744382984
245.68674756824507 -10.22066369578313
243.62560361764645 -11.073160963368903
241.5644596670478 -10.099718469798892
239.50331571644918 -10.989569773544183
237.44217176585053 -10.235019428361388
235.38102781525188 -9.992079578222256
233.31988386465324 -10.735594864852326
231.25873991405462 -9.775919807042342
229.19759596345597 -10.178658269491212
227.13645201285732 -11.628497585688422
225.07530806225867 -10.526402435040149
223.01416411166005 -12.093222486730898
220.9530201610614 -11.88710914424393
218.89187621046278 -11.92366639188613
216.8307322598641 -12.573910532539974
214.7695883092655 -11.773621635477081
212.70844435866684 -11.786100979842956
210.64730040806822 -10.054059801002682
208.58615645746957 -12.863925707583194
206.5250125068709 -12.126211847791307
204.46386855627227 -13.524679410485811
202.40272460567363 -13.001438178313602
200.341580655075 -15.495669965709512
198.28043670447633 -11.457267834463158
196.2192927538777 -12.142399976219334
194.15814880327906 -11.093302169053999
192.09700485268044 -12.568269709537176
190.0358609020818 -13.394747616923626
187.97471695148315 -11.285729987924558
185.9135730008845 -11.87756382249582
183.85242905028588 -9.388439891136496
181.79128509968723 -9.684115388545218
179.7301411490886 -10.680293542937243
177.66899719848993 -13.232084007658512
175.6078532478913 -8.687074890973449
173.54670929729267 -9.062842533238747
171.48556534669405 -12.36734806974506
169.42442139609537 -10.821658248150674
167.36327744549672 -9.775699205491295
165.3021334948981 -10.23274118671931
163.24098954429945 -9.934627405791248
161.17984559370083 -9.244194792034323
159.11870164310216 -9.080934488821866
157.05755769250354 -9.760422773477064
154.9964137419049 -9.510555921284416
152.93526979130627 -11.414486729739318
150.87412584070762 -11.969914407999765
148.81298189010897 -11.829393409089503
146.75183793951032 -11.065944054986685
144.6906939889117 -10.946885340660494
142.62955003831306 -10.768544612886268
140.56840608771444 -10.213203041226766
138.50726213711576 -10.346278969885361
136.44611818651714 -9.939823770472236
134.3849742359185 -11.305690984650166
132.32383028531984 -10.820415551575033
130.2626863347212 -10.287547769096516
128.20154238412255 -11.931961413560654
126.14039843352393 -9.911957315652327
124.0792544829253 -9.342923980786694
122.01811053232665 -10.4962216156495
119.95696658172801 -9.771584028579722
117.89582263112936 -9.87466578652478
115.83467868053073 -11.187040593663033
113.77353472993207 -12.238438883818706
111.71239077933343 -10.510874019391839
109.6512468287348 -11.117670756488941
107.59010287813615 -12.760335648386752
105.52895892753752 -11.093690443604114
103.46781497693887 -9.15053826609467
101.40667102634023 -12.768430464788777
99.34552707574159 -10.637594359667489
97.28438312514297 -9.523168088709495
95.22323917454432 -7.466788036011064
93.16209522394568 -12.38468128373937
91.10095127334705 -8.900888340665865
89.0398073227484 -12.565558703187794
86.97866337214977 -7.452390404676432
84.91751942155112 -16.51532328627985
82.85637547095249 1.9657193950963388
80.79523152035384 19.77503411950536
78.7340875697552 29.79401987249561
76.67294361915657 43.63573822727803
74.61179966855792 -1.7879636568383885
72.55065571795927 -7.619019090736836
70.48951176736063 -10.471340805725639
68.42836781676199 -9.740860647972363
66.36722386616334 -8.689445033396387
64.30607991556471 -8.009873441392319
62.24493596496607 -9.931215137991597
60.18379201436743 -7.276782082134318
58.122648063768786 -7.85227592539533
56.06150411317015 -6.26327977394903
54.00036016257151 -5.303032538584384
51.93921621197287 -3.6240432894284473
49.87807226137423 -4.5617810797165275
47.81692831077559 -3.4998708578411573
45.755784360176946 -3.5231344498873636
43.694640409578305 -0.8700599758860669
41.633496458979664 -0.32836680145335495
39.57235250838102 2.7991805597309
37.51120855778238 1.340828970367799
35.45006460718374 2.5982748528090234
33.3889206565851 3.541773310026233
31.327776705986462 4.650703578718363
29.266632755387818 6.237316970409533
27.205488804789177 9.349053523979226
25.14434485419054 11.038952109390705
23.083200903591894 9.783545636647345
21.022056952993253 11.834934948042427
18.960913002394612 14.314295623698412
16.89976905179597 14.383095390538303
14.838625101197332 15.250150399738114
12.77748115059869 15.918526403048043
10.71633720000005 15.324833049971696
8.655193249401409 14.480794135339885
6.594049298802768 9.360184256944205
4.532905348204128 10.025796161530936
2.471761397605487 12.275006354313113
0.41061744700684616 13.028230851897247
-1.6505265035917944 12.104780847151659
-3.7116704541904353 7.999258643942886
-5.7728144047890755 8.437961770177507
-7.8339583553877175 7.198703852240109
-9.895102305986358 9.198363715907918
-11.956246256584999 9.568692777403195
-14.01739020718364 9.616845553649632
-16.07853415778228 9.579175112453402
-18.139678108380924 7.147130596643124
-20.20082205897956 5.143979617294782
-22.261966009578202 3.9540124336989066
-24.323109960176843 2.5715557119111647
-26.38425391077548 -0.4769212096583809
-28.445397861374126 -0.35550670503939413
-30.506541811972763 -3.804201607500194
-32.56768576257141 -7.618825421944713
-34.62882971317005 -7.189402532282043
-36.68997366376869 -7.886558884316056
-38.75111761436733 -7.54424676125362
-40.812261564965965 -8.34401099643941
-42.873405515564606 -8.084517699382056
-44.93454946616325 -8.941269666830097
-46.99569341676189 -9.771698979297328
-49.05683736736053 -9.74679846764161
-51.11798131795917 -10.10096725045916
-53.17912526855781 -8.989577702951388
-55.24026921915645 -10.9159899347252
-57.301413169755094 -8.754079561685623
-59.362557120353735 -9.259460696396559
-61.423701070952376 -9.117558633122837
-63.48484502155102 -10.122919606545796
-65.54598897214966 -11.674934442391873
-67.60713292274829 -8.982663818292938
-69.66827687334694 -9.537558672747283
-71.72942082394557 -11.947617475070963
-73.79056477454421 -10.737852304511026
-75.85170872514286 -8.627572930100506
-77.91285267574149 -9.123943910413303
-79.97399662634014 -10.259259172108292
-82.03514057693879 -10.192086700354825
-84.09628452753743 -9.569989236727418
-86.15742847813607 -8.697057587215612
-88.2185724287347 -10.557760169012786
-90.27971637933335 -7.955708702572777
-92.34086032993199 -8.182964773938064
-94.40200428053063 -10.323408814021564
-96.46314823112927 -9.55956641204781
-98.52429218172792 -10.275429644475736
-100.58543613232656 -10.665176100265263
-102.6465800829252 -10.380415946289657
-104.70772403352385 -10.722993690106605
-106.76886798412248 -10.44002308315281
-108.83001193472111 -7.960825046812058
-110.89115588531976 -7.729516315077899
-112.9522998359184 -7.851175446961657
-115.01344378651704 -9.370499594183613
-117.07458773711568 -7.434032809107736
-119.13573168771434 -8.204979084038658
-121.19687563831297 -9.824601211626582
-123.25801958891161 -7.998934085950824
-125.31916353951026 -8.676357520689962
-127.38030749010889 -9.659923356286294
-129.44145144070754 -9.425239597913517
-131.5025953913062 -8.068501321438289
-133.5637393419048 -8.623174991188003
-135.62488329250345 -9.277628040140513
-137.68602724310207 -10.63904035428212
-139.74717119370072 -10.388831722077212
-141.8083151442994 -7.862765164790628
-143.86945909489802 -9.424447490322823
-145.93060304549667 -7.237006064346693
-147.9917469960953 -9.448926281939633
-150.05289094669394 -9.622776158166781
-152.11403489729258 -7.73173000841947
-154.17517884789123 -9.914636052734243
-156.23632279848985 -9.780266693359437
-158.2974667490885 -9.401548119285922
-160.35861069968715 -7.435854507315214
-162.4197546502858 -9.188298110963562
-164.48089860088442 -7.238071860865719
-166.54204255148306 -7.55374686891794
-168.60318650208168 -7.873426061729262
-170.66433045268036 -6.81734209199247
-172.72547440327898 -8.294993863133902
-174.78661835387763 -9.011799122870766
-176.84776230447625 -8.338661250957434
-178.9089062550749 -7.4429726507598195
-180.97005020567357 -8.733405649629573
-183.0311941562722 -6.103821235163316
-185.09233810687084 -7.095504216181043
-187.15348205746946 -8.399937428402847
-189.21462600806814 -5.912615676889818
-191.27576995866676 -7.159190881689193
-193.3369139092654 -6.483193874169353
-195.39805785986402 -7.5093527041779815
-197.45920181046267 -8.277685933322322
-199.52034576106132 -7.963702828102326
-201.58148971165997 -6.838085004881718
-203.6426336622586 -5.625941511621311
-205.70377761285724 -6.961017821207795
-207.76492156345586 -6.680701737025181
-209.82606551405453 -6.2075474644564315
-211.88720946465315 -7.117603229605583
-213.9483534152518 -6.432903855121576
-216.00949736585045 -7.6919422127916866
-218.0706413164491 -6.931242652046103
-220.13178526704775 -6.786192199277066
-222.19292921764637 -9.347969464503564
-224.25407316824501 -8.105692242044345
-226.31521711884363 -5.389068645719118
-228.3763610694423 -6.6260401710008425
-230.43750502004093 -6.144570556531212
-232.49864897063958 -6.47289194987339
-234.5597929212382 -4.07144198797043
-236.62093687183685 -20.092043213798373
-238.6820808224355 -5.429771359158203
-240.74322477303414 -4.099262551924958
-242.80436872363276 -4.288118804396185
-244.8655126742314 -5.134278908509451
-246.92665662483003 -6.591715201426691
-248.9878005754287 -5.06094443839996
-251.04894452602733 -4.359003920073214
-253.11008847662598 -6.4888978012276
-255.17123242722462 -3.426965235704572
-257.2323763778233 -3.675860600304782
-259.2935203284219 -6.317198961607771
-261.35466427902054 -4.505588501350526
-263.4158082296192 -3.892785022580762
-265.47695218021784 -4.009267747130469
-267.5380961308164 -5.451007806157975
