# BEGINHEADER
# This file contains data from the SALSA 2m radio telescope.
# DATE=2023-11-13T16:53:0019
# GLON and GLAT given in degrees
# GLON=49.944180948808615
# GLAT=5.215295374697616
# DATA in two columns below. Col. 1 is velocity relative to LSR [km/s]. Col. 2 is uncalibrated antenna temperature [K].
# ENDHEADER
264.12514814929744 -1.2643835202597988
262.06400419869885 -1.1992021836858315
260.0028602481002 -2.4308027288352254
257.94171629750156 -3.3687928027838545
255.88057234690294 -1.2107214505698374
253.8194283963043 -1.0733107026260187
251.7582844457056 -2.67748390395707
249.697140495107 -0.5176360857678837
247.63599654450834 -0.32991448081521035
245.57485259390972 0.12711551708802124
243.51370864331108 -0.9196317248916323
241.45256469271243 0.2347069734182808
239.39142074211378 -1.4609082061259966
237.33027679151516 -0.8221682738708443
235.2691328409165 -1.6967554551105024
233.20798889031786 -0.16437566546381002
231.14684493971922 -0.3187406915508692
229.0857009891206 -2.09049809100491
227.02455703852195 0.14886390594440788
224.96341308792333 0.08592930137201146
222.90226913732465 -0.7725734905691618
220.84112518672603 -1.0552622885395373
218.77998123612738 -2.4055045876622465
216.71883728552876 -1.2465377972908238
214.65769333493012 -0.2795768769562042
212.59654938433144 -1.1800836864679076
210.53540543373282 -1.3223350085727854
208.47426148313417 -0.6488216976411372
206.41311753253555 -1.262857410387516
204.35197358193687 0.2812432743603471
202.29082963133826 0.11994488105506584
200.2296856807396 -1.6667864242538826
198.168541730141 -0.5556100654360484
196.10739777954234 -0.6844683678510194
194.0462538289437 -0.4725787868995046
191.98510987834504 0.0015767417134337069
189.92396592774642 -1.9000110764872264
187.86282197714777 0.4076567810858405
185.80167802654915 -0.18704912363110637
183.74053407595048 -2.3960715627553246
181.67939012535186 -1.8490727586554268
179.6182461747532 -1.614251132884653
177.55710222415456 -1.3989174939650124
175.49595827355594 -1.889861435797765
173.43481432295727 -0.7054073565792889
171.37367037235865 -1.9807066296336968
169.31252642176 -0.5230494481516511
167.25138247116138 -2.9943084336912813
165.1902385205627 -3.008706421435342
163.12909456996408 -1.1563218076006316
161.06795061936543 -2.7330029254279946
159.0068066687668 -2.2282727120158605
156.94566271816817 -2.6132737093925664
154.88451876756952 -1.7245974962142965
152.82337481697087 0.6216731867513632
150.76223086637225 -0.5866648954010504
148.7010869157736 -1.602833860134244
146.63994296517498 -1.1664401746421322
144.5787990145763 -2.2939301326063766
142.51765506397768 -0.740449884718444
140.45651111337904 -0.7068284864347081
138.3953671627804 -2.3362180739257403
136.33422321218174 -3.3149694856415524
134.2730792615831 -0.721367417064615
132.21193531098447 -4.699785901588979
130.15079136038582 -2.2108567786217628
128.08964740978718 -0.18805859984619158
126.02850345918856 -3.6887796921626994
123.96735950858991 -3.8826576579189553
121.90621555799127 -3.564873791935851
119.84507160739264 -2.052220967667328
117.78392765679398 -1.9949607385123749
115.72278370619534 -3.7054611137494904
113.6616397555967 -3.133289753260379
111.60049580499806 -3.8999919357328765
109.53935185439941 -2.4346086488094696
107.47820790380078 -2.3480257393332957
105.41706395320215 -1.7447553027209355
103.3559200026035 -2.5600559495197555
101.29477605200486 -3.113549539870662
99.23363210140622 -2.7820237583858622
97.1724881508076 -1.9614795910212803
95.11134420020895 -2.045956417684479
93.05020024961031 -1.0279507395650311
90.98905629901166 -2.592020200065893
88.92791234841303 -1.8977321830572456
86.86676839781438 -0.4897434220935623
84.80562444721575 -1.4989416096662989
82.74448049661711 -0.9162486647070167
80.68333654601845 -0.5546774282008408
78.62219259541982 0.17580439149582347
76.56104864482117 0.8265146808404973
74.49990469422254 1.630124976696731
72.4387607436239 2.828860545521629
70.37761679302525 4.656167714981116
68.31647284242662 5.556535045600152
66.25532889182797 4.995996096642608
64.19418494122934 8.603187084923723
62.1330409906307 10.73324025792776
60.071897040032056 11.339751086110919
58.010753089433415 14.479512535582783
55.949609138834774 15.633323896810106
53.88846518823613 16.43162061795796
51.8273212376375 19.30194792769628
49.76617728703885 19.46838910405613
47.70503333644021 19.326350107636223
45.64388938584157 21.547294452633988
43.58274543524293 21.50615328845297
41.521601484644286 24.057495252652863
39.460457534045645 25.070363297394813
37.39931358344701 27.519688317330363
35.33816963284837 29.78192696029008
33.27702568224973 32.33407792613414
31.215881731651084 33.98423687713137
29.154737781052443 34.43111865033613
27.093593830453802 35.43115955334445
25.03244987985516 37.83347119092098
22.971305929256516 36.817038222746135
20.91016197865788 37.87142309742619
18.849018028059238 40.23427538641231
16.787874077460593 44.81398011466624
14.726730126861954 50.28941974369172
12.665586176263314 51.16245655277363
10.604442225664672 55.67580286675848
8.543298275066032 58.69277719011511
6.482154324467391 65.48591785766233
4.421010373868751 66.74240831833602
2.3598664232701108 58.32145743400073
0.29872247267147006 43.70588431367129
-1.7624214779271707 29.21840759129887
-3.8235654285258116 16.453306935974528
-5.884709379124453 8.238428429099129
-7.945853329723094 3.545128506856749
-10.006997280321736 2.6547650767025344
-12.068141230920375 2.9462757305028036
-14.129285181519016 1.828377477800168
-16.190429132117657 2.0651203820545154
-18.2515730827163 -0.13623963356438756
-20.312717033314936 0.25054779080441264
-22.37386098391358 1.7090678375045107
-24.43500493451222 0.5526455098340953
-26.49614888511086 2.298511761219714
-28.557292835709497 1.8867658100188582
-30.618436786308138 3.026671002233948
-32.67958073690678 2.8292006338132865
-34.74072468750542 4.444471198987361
-36.80186863810406 5.523408893472518
-38.8630125887027 4.6907643018214795
-40.92415653930134 5.922698230864413
-42.985300489899984 6.921513205604074
-45.04644444049862 6.3733525091850955
-47.107588391097266 7.969938928072254
-49.16873234169591 7.9138376299809465
-51.22987629229455 7.938272108748974
-53.29102024289319 7.446568267456917
-55.35216419349183 4.937553668529759
-57.41330814409047 7.071364787903578
-59.474452094689106 7.2548099761713845
-61.53559604528775 6.141793273934182
-63.59673999588639 7.7234539183053466
-65.65788394648503 6.349861535746442
-67.71902789708366 7.742522064164002
-69.78017184768231 7.084298197924684
-71.84131579828095 6.524673319909992
-73.90245974887961 7.449666913728288
-75.96360369947824 5.3269175647168225
-78.02474765007689 6.17683072057719
-80.08589160067552 5.397735016091455
-82.14703555127416 4.169994627768304
-84.2081795018728 0.7793729811612585
-86.26932345247144 2.4440723044555104
-88.33046740307009 0.3018860148972619
-90.39161135366872 -1.6320945472157349
-92.45275530426737 -0.42123417090325443
-94.513899254866 -2.1239559034483184
-96.57504320546464 -3.7919823147138634
-98.63618715606329 -3.4344602936210022
-100.69733110666193 -4.194304856854287
-102.75847505726057 -3.294026357329164
-104.81961900785922 -2.8834070609485014
-106.88076295845785 -3.0398456255666146
-108.9419069090565 -2.282812151658448
-111.00305085965513 -5.497735554094967
-113.0641948102538 -5.320253960055491
-115.12533876085243 -5.247666022276169
-117.18648271145106 -2.9948826532380526
-119.24762666204971 -3.5989730377199636
-121.30877061264835 -4.53063180492556
-123.369914563247 -3.4564380394608367
-125.43105851384563 -4.437109653264752
-127.49220246444428 -4.669132693969417
-129.5533464150429 -4.216217240680879
-131.61449036564153 -3.5899024469800835
-133.67563431624018 -3.8050923900282427
-135.73677826683885 -3.690504013066008
-137.79792221743747 -5.331052313504244
-139.85906616803612 -2.932588520462266
-141.92021011863474 -4.597539605264161
-143.9813540692334 -5.2571414979087745
-146.04249801983204 -4.159566096915819
-148.1036419704307 -3.9252829691409046
-150.1647859210293 -4.655722454214842
-152.22592987162795 -4.766045887379326
-154.2870738222266 -4.410767318790027
-156.34821777282525 -5.2716011660205515
-158.40936172342387 -4.4520268383112045
-160.47050567402252 -5.029880998985395
-162.53164962462114 -4.564328927824669
-164.59279357521982 -4.912253355219547
-166.65393752581844 -5.117786791006273
-168.71508147641708 -5.700751415583214
-170.77622542701573 -4.020601633859801
-172.83736937761435 -2.3346162222984024
-174.89851332821303 -2.1376373510959334
-176.95965727881165 -4.536118610454988
-179.0208012294103 -4.994083296339122
-181.08194518000892 -5.985389850252533
-183.1430891306076 -5.527059082400174
-185.2042330812062 -3.19720753264672
-187.26537703180486 -4.544347497400659
-189.32652098240348 -4.721472553988708
-191.38766493300213 -5.703385858489776
-193.44880888360078 -3.8759409355080794
-195.50995283419942 -4.237776104115947
-197.57109678479804 -2.9904253379855494
-199.6322407353967 -3.9219250395116405
-201.6933846859953 -5.011075962340183
-203.754528636594 -3.2702594591266987
-205.8156725871926 -3.3207737352165956
-207.87681653779126 -4.06230236048486
-209.9379604883899 -4.989578727355218
-211.99910443898852 -2.528644242765918
-214.0602483895872 -4.002327952350368
-216.12139234018582 -4.442093519991505
-218.18253629078447 -4.683859705586105
-220.2436802413831 -3.7637053142266583
-222.30482419198177 -1.8540798020590818
-224.36596814258039 -4.466092109265184
-226.42711209317903 -3.2869936258279835
-228.48825604377765 -4.217255721979516
-230.5493999943763 -4.941965196567063
-232.61054394497495 -3.8553503868308923
-234.6716878955736 -4.274814984348357
-236.73283184617222 -4.094258681276114
-238.79397579677087 -4.163089057774803
-240.85511974736949 -2.9254027368460074
-242.91626369796816 -3.9309704314186744
-244.97740764856678 -2.3574249712565196
-247.03855159916543 -2.118882417776903
-249.09969554976408 -3.4019219408074144
-251.16083950036273 -2.97991815222003
-253.22198345096137 -3.536610091965871
-255.28312740156 -4.035020757236075
-257.3442713521586 -2.6942014016346207
-259.40541530275726 -3.6446813800876083
-261.4665592533559 -2.8968504797549532
