# BEGINHEADER
# This file contains data from the SALSA 2m radio telescope.
# DATE=2023-11-13T16:18:0017
# GLON and GLAT given in degrees
# GLON=19.828872177876697
# GLAT=-9.726388452563453
# DATA in two columns below. Col. 1 is velocity relative to LSR [km/s]. Col. 2 is uncalibrated antenna temperature [K].
# ENDHEADER
254.0326924531308 -2.2480776788661414
251.97154850253216 -3.861455072312527
249.91040455193354 -3.134788350340762
247.84926060133486 -2.202687924700849
245.7881166507362 -3.7084680066262816
243.7269727001376 -4.917982889410551
241.66582874953895 -2.4228489687995407
239.6046847989403 -2.5720355786366684
237.54354084834165 -1.499998462085765
235.48239689774303 -2.8124366469129294
233.42125294714438 -3.828553146232746
231.36010899654576 -2.704009282017153
229.29896504594709 -1.4344326759452335
227.23782109534847 -2.9381948042295423
225.17667714474982 -2.264358921144963
223.1155331941512 -1.9056962528499763
221.05438924355255 -3.864999372592882
218.9932452929539 -3.028270627735403
216.93210134235525 -3.2281189525859944
214.87095739175663 -1.6278676385581652
212.80981344115798 -3.1486546920129164
210.74866949055937 -2.273939524762131
208.6875255399607 -2.8801331254408624
206.62638158936204 -2.9609032226345144
204.56523763876342 -2.484754130568466
202.50409368816477 -4.58179779534452
200.44294973756612 -3.0733126371560333
198.38180578696748 -1.741327004083097
196.32066183636888 -3.993308245263953
194.25951788577024 -3.633581875024204
192.1983739351716 -2.7451015220593726
190.13722998457294 -3.575997224476679
188.07608603397432 -3.6560441424852463
186.01494208337567 -4.668891212671742
183.95379813277702 -4.162881491354976
181.89265418217838 -2.9734067201247174
179.83151023157976 -4.094617112012626
177.7703662809811 -3.741610923568098
175.7092223303825 -4.322250700689133
173.6480783797838 -3.68803800932412
171.5869344291852 -3.498775235513498
169.52579047858654 -4.377418263294781
167.4646465279879 -1.9200141563223159
165.40350257738928 -2.8694333210559564
163.3423586267906 -1.6803366993195217
161.28121467619198 -5.3967703436492735
159.22007072559333 -2.9716289275303374
157.1589267749947 -3.139462977795563
155.09778282439606 -2.387526528851363
153.03663887379741 -3.0779210366274214
150.97549492319877 -4.641162795029306
148.91435097260015 -3.0503065664718045
146.8532070220015 -4.83202912570162
144.79206307140285 -3.195941021146536
142.7309191208042 -2.31388044621222
140.66977517020558 -5.586993231289673
138.60863121960693 -4.842146742406403
136.54748726900831 -3.620517123710532
134.48634331840964 -3.543734940169516
132.425199367811 -3.353471771750296
130.36405541721237 -3.6763843267626375
128.30291146661372 -3.222336836756181
126.24176751601509 -2.4363243710212745
124.18062356541645 -3.3583962571347206
122.1194796148178 -4.858882849333345
120.05833566421917 -2.7712378162210025
117.99719171362052 -3.773855768283141
115.93604776302189 -1.676087645541593
113.87490381242326 -4.959427063420011
111.8137598618246 -3.7955095151794596
109.75261591122596 -2.7890559046531576
107.69147196062731 -4.072195642124843
105.63032801002868 -4.265432079230305
103.56918405943003 -2.611101334536084
101.5080401088314 -2.919206357937068
99.44689615823276 -3.3200299264445747
97.38575220763411 -2.7720373727087146
95.32460825703548 -4.49005178612558
93.26346430643683 -4.3494110209943795
91.2023203558382 -1.9236653467423626
89.14117640523955 -3.7212580236225636
87.08003245464091 -3.5521133641809297
85.01888850404228 -2.7858676039885717
82.95774455344363 -4.08478836946462
80.896600602845 -2.4877846017659557
78.83545665224635 -2.64801721387416
76.77431270164772 -2.4663949693403855
74.71316875104907 -3.8435945382853705
72.65202480045042 -3.2297765587012437
70.59088084985179 -3.318472844457261
68.52973689925314 -2.6752100652607367
66.4685929486545 -3.6271540723126257
64.40744899805587 -1.8736753416444074
62.34630504745722 -4.552988241582363
60.28516109685858 -3.7259804489835373
58.22401714625994 -2.519419849561151
56.1628731956613 -2.3754337682903133
54.10172924506266 -0.7233551729168384
52.04058529446402 -2.858725732544401
49.97944134386538 -2.1882384810678364
47.91829739326674 -1.1893932016348394
45.8571534426681 -0.9268891729138135
43.79600949206945 -0.4862445520909394
41.73486554147081 0.11679107928266041
39.67372159087217 1.294578758299326
37.612577640273535 0.33330454501339146
35.551433689674894 -0.5083086454078708
33.49028973907625 1.969934493739598
31.429145788477612 0.5059186838429415
29.368001837878968 -2.151089244968025
27.30685788728033 -0.5084436678545367
25.24571393668169 1.3047268219124892
23.184569986083048 2.1823144218999007
21.12342603548441 3.851279087227459
19.062282084885766 2.8562806115798804
17.001138134287125 5.24624726723563
14.939994183688485 9.439019152715053
12.878850233089842 13.180345445000727
10.817706282491201 21.146672672835418
8.75656233189256 27.46819992535884
6.69541838129392 37.105954893359836
4.634274430695279 43.997125936947675
2.573130480096639 52.73487898399989
0.5119865294979979 50.97634294696426
-1.549157421100643 27.662221666597006
-3.6103013716992836 11.989491771813427
-5.671445322297925 6.740830098579026
-7.732589272896566 4.098563423677747
-9.793733223495206 -0.6441951699184217
-11.854877174093847 -0.6109465224122874
-13.916021124692486 -0.4688318617643876
-15.977165075291127 -1.9187829444965478
-18.03830902588977 -3.5978491483026294
-20.099452976488408 -4.0759292670357805
-22.16059692708705 -2.8072903260928093
-24.22174087768569 -1.8039440015237962
-26.28288482828433 -3.891532838801594
-28.344028778882972 -4.227013587054675
-30.405172729481613 -2.4015080357890044
-32.466316680080254 -3.347942028992738
-34.527460630678895 -3.8614309313652995
-36.58860458127754 -5.54880326405702
-38.64974853187618 -3.2305889460720087
-40.71089248247482 -3.2191904599799277
-42.77203643307346 -3.607830104776541
-44.833180383672094 -4.170230533133884
-46.894324334270735 -4.598579678455265
-48.955468284869376 -4.247639849358652
-51.01661223546802 -4.8453384550701095
-53.077756186066665 -5.15987596838835
-55.138900136665306 -5.699508684989677
-57.20004408726395 -5.102633627632844
-59.26118803786258 -4.430107845824385
-61.32233198846122 -5.151656948612239
-63.38347593905986 -5.599961082831855
-65.44461988965851 -5.496922682127547
-67.50576384025715 -6.045740113698757
-69.56690779085578 -5.694972309731522
-71.62805174145443 -5.678768415958174
-73.68919569205306 -4.357134315370338
-75.75033964265171 -6.266644569094331
-77.81148359325034 -5.776821075427211
-79.87262754384898 -5.690682262864997
-81.93377149444764 -5.0047042865041815
-83.99491544504627 -4.262845487424003
-86.05605939564492 -5.433023890169654
-88.11720334624356 -4.266051478499445
-90.1783472968422 -5.1904424758784655
-92.23949124744084 -6.0470501061696655
-94.30063519803947 -5.611076626718836
-96.36177914863812 -5.781585264442741
-98.42292309923675 -4.177202540674351
-100.4840670498354 -4.435917962667831
-102.54521100043404 -6.185615052153706
-104.60635495103269 -5.341183271242025
-106.66749890163132 -6.401300788864842
-108.72864285222995 -5.9083303359751795
-110.7897868028286 -4.667651264840731
-112.85093075342724 -3.9144359780626443
-114.91207470402588 -4.850158432524861
-116.97321865462452 -4.58087821641346
-119.03436260522318 -5.1380671310657
-121.09550655582181 -5.597416004354674
-123.15665050642045 -5.428427343487431
-125.2177944570191 -5.99414331961986
-127.27893840761773 -6.35216560264155
-129.34008235821636 -4.647442763278533
-131.401226308815 -5.251265325049839
-133.46237025941363 -4.4584501588339664
-135.52351421001228 -2.3432022718820833
-137.58465816061093 -3.652719447530314
-139.64580211120958 -3.777370955266891
-141.70694606180822 -4.870992293751661
-143.76809001240684 -4.594046558136554
-145.82923396300552 -3.976646012252621
-147.89037791360414 -5.807818707487883
-149.9515218642028 -4.824123173252487
-152.0126658148014 -5.436234092479751
-154.07380976540006 -5.106946114063333
-156.1349537159987 -5.198449180101498
-158.19609766659735 -2.835457395678445
-160.25724161719597 -5.0375686498772945
-162.31838556779462 -2.6791146525635425
-164.37952951839324 -3.477295042050586
-166.44067346899192 -6.135781054132722
-168.50181741959054 -4.283717313761895
-170.56296137018919 -3.9536659630663724
-172.6241053207878 -5.143785486991209
-174.68524927138648 -4.647680754687092
-176.7463932219851 -4.117166798917714
-178.80753717258375 -3.925450462417598
-180.8686811231824 -4.438194641671683
-182.92982507378102 -4.487450439113468
-184.9909690243797 -5.146073072086926
-187.05211297497831 -4.353786869764464
-189.11325692557696 -4.138281079391789
-191.17440087617558 -3.4823865435232433
-193.23554482677423 -3.76847684487426
-195.29668877737288 -3.1743370082622624
-197.35783272797153 -3.9943015622387144
-199.41897667857017 -4.3266579879757465
-201.48012062916882 -3.212991487492576
-203.54126457976744 -5.508197625474362
-205.6024085303661 -4.966382870077745
-207.66355248096474 -1.5369177242310235
-209.7246964315634 -3.3706196231016206
-211.785840382162 -4.936712914770305
-213.84698433276066 -3.4382066604832957
-215.90812828335933 -2.787072267727579
-217.96927223395795 -2.4671809372632714
-220.0304161845566 -5.325175653017114
-222.09156013515522 -4.506605603468787
-224.15270408575387 -2.7305196258742632
-226.21384803635252 -4.540575649360629
-228.27499198695116 -2.3785670657613442
-230.33613593754978 -3.9297520426072836
-232.39727988814843 -4.956768115059845
-234.45842383874705 -3.768523538797257
-236.51956778934573 -4.318890518272135
-238.58071173994435 -3.349637350821176
-240.641855690543 -5.131799315078834
-242.70299964114162 -3.8989070143641658
-244.7641435917403 -2.0879100175241194
-246.8252875423389 -3.492287407626972
-248.88643149293756 -2.5813075484082173
-250.94757544353618 -3.267042242399484
-253.00871939413483 -4.353537969496692
-255.0698633447335 -3.9959658684972044
-257.13100729533215 -3.718770932652973
-259.19215124593075 -4.772388922210139
-261.2532951965294 -3.4480481470541475
-263.31443914712804 -2.9807222096896346
-265.3755830977267 -4.438550685705997
-267.4367270483253 -4.21931117890582
-269.497870998924 -2.785874351304424
-271.55901494952263 -4.372705659375168
