# BEGINHEADER
# This file contains data from the SALSA 2m radio telescope.
# DATE=2023-11-13T16:25:0017
# GLON and GLAT given in degrees
# GLON=49.86381430815005
# GLAT=0.22303541642974284
# DATA in two columns below. Col. 1 is velocity relative to LSR [km/s]. Col. 2 is uncalibrated antenna temperature [K].
# ENDHEADER
261.65023369232796 -1.7335480698917383
259.5890897417293 -3.56280192721633
257.52794579113066 -2.1744324289648165
255.466801840532 -2.7629289402181563
253.4056578899334 -2.4814569286867876
251.34451393933475 -1.8940476827105732
249.2833699887361 -0.5887735779474684
247.22222603813745 -2.3466031451101372
245.16108208753883 -1.9757076963551339
243.09993813694018 -1.4453616435909875
241.03879418634156 -1.8013206198319773
238.97765023574289 -1.454977187049897
236.91650628514427 -1.9435801684000016
234.85536233454562 -1.2889050549021026
232.794218383947 -0.9628090923791949
230.73307443334835 -1.3810264243379986
228.67193048274967 -1.4331576344583727
226.61078653215105 -1.6552535924510225
224.5496425815524 -0.21891223971924637
222.48849863095379 -1.281503100573228
220.4273546803551 -1.249338615117362
218.3662107297565 -2.0463734001859772
216.30506677915784 -3.174294262205228
214.24392282855922 -2.0046010888445402
212.18277887796057 -2.224385174057894
210.12163492736192 -2.2692490167650927
208.06049097676328 -2.6529735341865357
205.99934702616466 -0.7940540825549695
203.938203075566 -1.2956162037127148
201.8770591249674 -1.7619407022932578
199.8159151743687 -1.279025867931402
197.7547712237701 -0.9636297465434659
195.69362727317144 -3.680810731123999
193.63248332257282 -0.8078951419621552
191.57133937197418 -1.7069212952580028
189.5101954213755 -4.004120841108936
187.44905147077688 -1.6911867646033745
185.38790752017823 -0.9670280007217531
183.3267635695796 -1.4893959764757847
181.26561961898094 -2.228732836471699
179.20447566838232 -2.9836608003787517
177.14333171778367 -1.8641184660708177
175.08218776718505 -3.1271259821355852
173.0210438165864 -2.1466771517007914
170.95989986598775 -2.832290405312183
168.8987559153891 -3.387483268663074
166.83761196479048 -1.2144904966326688
164.77646801419183 -3.615711320760527
162.71532406359321 -2.3506306590406263
160.65418011299454 -1.6548393220720137
158.59303616239592 -1.752250360131607
156.53189221179727 -3.0526209594427245
154.47074826119865 -2.2836686915952
152.40960431059997 -2.002796010203433
150.34846036000133 -3.5049450087190013
148.2873164094027 -2.669295088565277
146.22617245880406 -2.077976041866188
144.16502850820544 -1.8590411531016557
142.10388455760676 -2.8575848001406263
140.04274060700814 -2.5930394211744447
137.9815966564095 -3.901769477461696
135.92045270581087 -2.485077429759768
133.85930875521223 -2.9510160232519524
131.79816480461358 -4.0682551183948545
129.73702085401493 -3.0229494495756923
127.6758769034163 -3.806719386082724
125.61473295281765 -4.1655991199183795
123.55358900221901 -4.164444296384454
121.49244505162038 -3.2870223089388153
119.43130110102173 -4.162965301978312
117.3701571504231 -3.6210538474896747
115.30901319982445 -3.712006015612561
113.24786924922581 -3.7120328422960447
111.18672529862717 -3.024105894080091
109.12558134802853 -3.309438793865078
107.0644373974299 -4.119211745339504
105.00329344683125 -2.1913934354946476
102.94214949623262 -2.823469599644624
100.88100554563397 -3.214138363573536
98.81986159503532 -3.995700951969375
96.75871764443669 -2.6680765343199457
94.69757369383802 -3.443380707405755
92.63642974323939 -3.4627806417336338
90.57528579264074 -2.8762069909219172
88.51414184204211 -1.1513238896341156
86.45299789144347 -1.8774899254098818
84.39185394084483 -2.3112257394424405
82.33070999024619 -0.3928217776884428
80.26956603964754 -0.3528797774572382
78.20842208904891 -1.4238438887741665
76.14727813845026 2.3188958567308378
74.08613418785163 4.236128510784583
72.024990237253 5.663725037665608
69.96384628665434 12.523863294379007
67.90270233605571 17.26811133376794
65.84155838545706 27.753363871087085
63.78041443485842 34.17653435618628
61.71927048425978 42.160257594493835
59.65812653366114 49.302151105310564
57.5969825830625 54.86424985405928
55.53583863246386 60.653609465180224
53.474694681865216 66.27529841570994
51.41355073126658 71.27320597723555
49.35240678066794 74.94162938591113
47.2912628300693 74.36870923844778
45.23011887947065 73.40735707017886
43.16897492887201 73.21204903864395
41.10783097827337 69.09745212803855
39.046687027674736 63.082647875007645
36.985543077076095 60.06010952138979
34.924399126477454 55.792835325579546
32.86325517587881 55.74362413177949
30.802111225280168 56.85237783381244
28.74096727468153 58.21747836713544
26.67982332408289 59.684600892064864
24.61867937348425 63.00589599024502
22.55753542288561 71.53049998122297
20.496391472286966 73.23035254483563
18.43524752168833 70.51694627658568
16.374103571089687 69.02349906973409
14.312959620491046 71.30834302129132
12.251815669892405 77.92375507024082
10.190671719293764 86.10886967447284
8.129527768695123 92.2526432307451
6.068383818096483 92.83729328611426
4.007239867497843 87.63911383163315
1.9460959168992014 75.38951343746659
-0.11504803369943961 55.78225320974621
-2.17619198429808 39.52802736439499
-4.237335934896721 30.980113970863986
-6.298479885495363 24.756753054366172
-8.359623836094002 17.3736311477039
-10.420767786692645 14.067161963778943
-12.481911737291282 12.27507327268567
-14.543055687889925 9.537879431266727
-16.604199638488563 8.296246419163559
-18.665343589087207 7.213178948678889
-20.72648753968585 8.08463748212543
-22.787631490284486 7.970383950002076
-24.84877544088313 6.6410833613892
-26.909919391481772 7.555363093959311
-28.971063342080413 9.549491927093158
-31.032207292679054 11.491092223807417
-33.093351243277695 13.53061188760651
-35.154495193876336 16.36951218038651
-37.21563914447498 17.168002550220926
-39.27678309507362 19.924572127616155
-41.33792704567226 22.452349818345482
-43.3990709962709 24.220704824663937
-45.460214946869534 26.7025562784085
-47.521358897468176 27.867038430733675
-49.58250284806682 29.154521280898457
-51.643646798665465 30.90150227793493
-53.704790749264106 31.7507120247684
-55.76593469986275 29.891229111543282
-57.82707865046138 27.871140911968165
-59.88822260106002 25.03247416913422
-61.94936655165866 21.80429006292131
-64.0105105022573 19.877659897488762
-66.07165445285595 16.374836672665097
-68.13279840345459 13.3412292293583
-70.19394235405323 12.17454732964949
-72.25508630465187 9.032697945285074
-74.31623025525052 6.882974311706183
-76.37737420584915 6.258878340552498
-78.43851815644778 6.888924061722718
-80.49966210704643 4.416722878416205
-82.56080605764507 2.0895685834626216
-84.62195000824372 2.399703775530015
-86.68309395884235 0.09825357034280603
-88.744237909441 -0.5896727921888686
-90.80538186003963 -2.7723280699711847
-92.86652581063827 -2.958308195581303
-94.92766976123691 -5.061696820548208
-96.98881371183555 -4.955011507989608
-99.04995766243421 -5.041973518090377
-101.11110161303283 -4.968985986895187
-103.17224556363148 -3.7005041734941755
-105.23338951423011 -5.358647869036514
-107.29453346482876 -5.208633869072354
-109.3556774154274 -5.514654529478317
-111.41682136602604 -4.387267062015559
-113.47796531662468 -4.7372257859534255
-115.53910926722331 -5.423125396262415
-117.60025321782196 -6.345928528919511
-119.66139716842059 -6.763753945134814
-121.72254111901924 -6.875241233580661
-123.78368506961787 -4.93317916083102
-125.84482902021652 -3.903796890247906
-127.90597297081516 -4.33932333930785
-129.9671169214138 -3.8426542751020447
-132.02826087201245 -5.757054464433148
-134.08940482261107 -6.197559861234079
-136.15054877320972 -4.097779125348656
-138.21169272380837 -5.348534930446114
-140.27283667440702 -3.7027228101315273
-142.33398062500564 -5.230713629212273
-144.39512457560429 -5.472999708932117
-146.4562685262029 -5.0513250374098515
-148.51741247680158 -5.419095897757509
-150.5785564274002 -4.504441071633826
-152.63970037799885 -5.2567251321775545
-154.70084432859747 -4.787146742714606
-156.76198827919612 -5.687228712702652
-158.8231322297948 -7.169757811943503
-160.8842761803934 -4.756570146304195
-162.94542013099206 -5.35287846921411
-165.00656408159068 -5.558256019591928
-167.06770803218936 -3.9394113110350655
-169.12885198278798 -5.421427395416092
-171.18999593338663 -4.505312303008056
-173.25113988398525 -4.0499755235190555
-175.3122838345839 -5.876462402850765
-177.37342778518254 -4.595086681851113
-179.4345717357812 -5.580712136625611
-181.4957156863798 -4.300434558440736
-183.55685963697846 -6.086937384473677
-185.61800358757708 -6.693178782104585
-187.67914753817576 -5.5229215769546744
-189.74029148877437 -3.027238182637943
-191.80143543937302 -4.999727193679087
-193.86257938997164 -4.712896556027073
-195.9237233405703 -4.904669632559409
-197.98486729116897 -4.883358655542588
-200.0460112417676 -5.600124011638201
-202.10715519236624 -5.177628872699555
-204.16829914296486 -4.599414682412364
-206.22944309356353 -5.275767994355628
-208.29058704416215 -5.460185412555146
-210.3517309947608 -6.163064428255078
-212.41287494535942 -6.017221794824248
-214.47401889595807 -3.860810383549495
-216.53516284655672 -5.586002089623544
-218.59630679715536 -5.519019977096856
-220.65745074775398 -6.153067922749742
-222.71859469835263 -5.888015567389305
-224.77973864895125 -5.862549475664708
-226.84088259954993 -4.698167553905473
-228.90202655014855 -5.0140829129874955
-230.9631705007472 -5.603604980520795
-233.02431445134582 -8.040185302452253
-235.0854584019445 -5.511749071599339
-237.14660235254314 -4.256193527616964
-239.20774630314176 -4.717714143647306
-241.2688902537404 -5.131261536395776
-243.33003420433903 -5.00513198045254
-245.3911781549377 -5.0629225565328015
-247.45232210553633 -5.001887059381744
-249.51346605613497 -5.621256018087743
-251.5746100067336 -6.019679041012645
-253.63575395733224 -4.193061881448204
-255.6968979079309 -5.034029239918747
-257.7580418585295 -3.367202956623818
-259.81918580912816 -3.444596230273703
-261.8803297597268 -4.599206026888073
-263.94147371032545 -2.391468803530405
