# BEGINHEADER
# This file contains data from the SALSA 2m radio telescope.
# DATE=2023-11-13T16:23:0003
# GLON and GLAT given in degrees
# GLON=39.79403425954219
# GLAT=0.22622793950411482
# DATA in two columns below. Col. 1 is velocity relative to LSR [km/s]. Col. 2 is uncalibrated antenna temperature [K].
# ENDHEADER
260.54700141160504 -2.0860832795153836
258.4858574610064 -4.017089866309436
256.4247135104078 -4.087026119895823
254.36356955980915 -4.063802854238195
252.3024256092105 -2.383081968770942
250.24128165861185 -3.551199240467002
248.1801377080132 -3.2602184158260186
246.1189937574146 -1.8501286128333678
244.05784980681594 -2.6309801827102226
241.9967058562173 -1.0598236431507715
239.93556190561864 -2.8090674788925654
237.87441795502002 -2.236692885471087
235.81327400442137 -1.6541440046865032
233.75213005382275 -1.7729534256684818
231.69098610322408 -2.4623079882914127
229.62984215262546 -1.674987656475818
227.5686982020268 -2.243718000950226
225.50755425142816 -2.5317496400408563
223.44641030082954 -3.3046987426205594
221.38526635023086 -2.582462672771006
219.32412239963224 -1.284506027442875
217.2629784490336 -2.1451850059934414
215.20183449843498 -0.07876850733210357
213.1406905478363 -2.308156924291024
211.07954659723768 -1.2007101764280916
209.01840264663903 -3.0340032646533013
206.9572586960404 -0.47479630718794663
204.89611474544176 -2.204167787685404
202.83497079484312 -2.863599415277821
200.77382684424447 -1.0238383191981377
198.71268289364585 -1.9672385534868198
196.65153894304717 -1.832535989398217
194.59039499244855 -3.5034472608387492
192.5292510418499 -2.4388930887921156
190.46810709125123 -3.028467576183356
188.4069631406526 -4.071451246331139
186.34581919005396 -3.4096055411479025
184.28467523945534 -2.577963269313808
182.2235312888567 -2.008116194569213
180.16238733825804 -1.7871011949577844
178.1012433876594 -2.5907295206255885
176.04009943706077 -2.7659188699887705
173.97895548646213 -3.5181879281334036
171.91781153586348 -0.8401246431133228
169.85666758526483 -1.1405630622619627
167.7955236346662 -3.329985722840732
165.73437968406756 -4.238256900261957
163.67323573346894 -1.6448676394808028
161.61209178287027 -1.955443195483431
159.55094783227165 -2.302394840351297
157.489803881673 -2.857985168471942
155.42865993107438 -2.539672795140659
153.36751598047573 -1.9386674665943973
151.30637202987705 -2.1139269316930496
149.24522807927843 -4.9721335524020995
147.18408412867979 -2.8968341790637178
145.12294017808117 -3.7352331863885957
143.06179622748252 -2.659262669265541
141.00065227688387 -3.0223680087655413
138.93950832628522 -3.4942920902209362
136.8783643756866 -4.154699272301551
134.81722042508795 -2.6021911533668347
132.7560764744893 -3.666891598864977
130.69493252389066 -3.1625759318291626
128.63378857329204 -4.23807145015899
126.57264462269339 -4.120290833599737
124.51150067209474 -3.4680733143731297
122.4503567214961 -3.2598563143942774
120.38921277089746 -2.777895936551386
118.32806882029882 -3.0274497063333294
116.26692486970018 -3.0804161555938037
114.20578091910154 -3.209012784666493
112.14463696850291 -4.7220591199021245
110.08349301790426 -4.982181941888642
108.02234906730563 -4.062192220770776
105.96120511670698 -2.885791232664249
103.90006116610834 -4.2992472977919265
101.8389172155097 -4.723882155219108
99.77777326491106 -2.008806860602016
97.71662931431243 -0.2459520125813386
95.65548536371378 -3.3785731647204766
93.59434141311515 -1.1855764055393654
91.53319746251648 2.9256510577400214
89.47205351191785 3.0611838587999527
87.41090956131922 3.2730736460878034
85.34976561072057 8.670194708191351
83.28862166012193 11.106000550088194
81.22747770952328 16.68610330369277
79.16633375892465 22.99752684378493
77.105189808326 23.04693999228679
75.04404585772737 28.034264107234847
72.98290190712873 36.10025088679783
70.92175795653009 39.52808632496631
68.86061400593145 47.02391558612679
66.7994700553328 53.7807487247125
64.73832610473417 57.9162127418109
62.67718215413552 61.713956738507
60.61603820353688 65.32225898589354
58.55489425293824 64.56098498024078
56.4937503023396 64.99773698643068
54.43260635174096 61.46610793155729
52.371462401142324 59.131429072264254
50.31031845054368 56.53921865771423
48.24917449994505 53.900089587023636
46.18803054934641 55.7446699830285
44.12688659874776 57.28787211824119
42.06574264814912 60.69388171587269
40.00459869755048 65.43031089337534
37.943454746951836 70.26252649439607
35.8823107963532 73.55871837342342
33.82116684575456 75.13005735387114
31.76002289515592 76.23529126220235
29.698878944557276 77.19489255556032
27.637734993958635 72.07327824570574
25.576591043359997 69.58294587829552
23.515447092761352 67.19049319567223
21.45430314216271 64.46149571257213
19.39315919156407 62.303354887138305
17.33201524096543 62.416699663536576
15.270871290366788 60.37461244265076
13.209727339768147 61.20300763486141
11.148583389169508 64.74655673084922
9.087439438570867 67.9442841055784
7.0262954879722255 73.48335067156837
4.965151537373585 71.11818554661264
2.904007586774944 64.89539410472463
0.8428636361763036 50.8752709898256
-1.218280314422337 33.429398751888286
-3.2794242650209777 20.413074856097243
-5.340568215619618 16.281137288809177
-7.40171216621826 11.374955589979733
-9.4628561168169 9.792700683091812
-11.524000067415543 8.402704967032134
-13.585144018014182 9.483350761615458
-15.646287968612825 9.980329641489904
-17.707431919211462 9.619659720069674
-19.768575869810107 10.501369786745329
-21.829719820408744 11.813127498413188
-23.890863771007385 10.93988344615916
-25.952007721606023 13.42563834319404
-28.013151672204668 17.93239608442832
-30.074295622803305 21.77860217114919
-32.135439573401946 25.811641610054746
-34.19658352400059 27.14331636313701
-36.25772747459923 28.01058241070293
-38.31887142519787 26.57003371823926
-40.38001537579651 27.406367239852788
-42.44115932639515 24.030539062373155
-44.50230327699379 25.32320736380213
-46.563447227592434 24.76053975670161
-48.62459117819107 24.622893359798077
-50.685735128789716 25.4810376548976
-52.746879079388364 25.359789430436773
-54.808023029987005 26.372499078753066
-56.869166980585646 24.290891697129513
-58.93031093118428 23.346276999012733
-60.99145488178292 18.957898824504948
-63.05259883238156 15.186550677192674
-65.11374278298021 9.72526184386809
-67.17488673357884 5.715721316507561
-69.23603068417749 2.9182995190493024
-71.29717463477613 1.6405404381518847
-73.35831858537478 -1.1134566185026906
-75.41946253597341 -2.0769293578387114
-77.48060648657206 -2.2442334529894414
-79.54175043717069 -4.326892456310172
-81.60289438776933 -3.718859979813678
-83.66403833836797 -4.661707732284192
-85.72518228896661 -4.430720375352903
-87.78632623956526 -5.150819532538341
-89.84747019016389 -5.530717310833269
-91.90861414076254 -5.273119801338958
-93.96975809136117 -6.650460421801626
-96.0309020419598 -5.234574870972681
-98.09204599255845 -5.627076871543269
-100.15318994315709 -7.171027182955044
-102.21433389375575 -6.153080501779654
-104.27547784435438 -4.705733540803267
-106.33662179495302 -6.156618760825541
-108.39776574555167 -5.701805243445296
-110.4589096961503 -6.6263893119752355
-112.52005364674895 -6.322314108881671
-114.58119759734758 -6.497875631346408
-116.64234154794623 -5.5223194742157675
-118.70348549854486 -4.327605818717656
-120.7646294491435 -5.593165595409677
-122.82577339974215 -6.793067556613558
-124.88691735034078 -6.473679660173738
-126.94806130093943 -6.118095045362621
-129.00920525153808 -8.10638104778693
-131.07034920213673 -6.073392272749259
-133.13149315273535 -5.940177829581377
-135.192637103334 -7.07048264570184
-137.2537810539326 -6.917286585238287
-139.3149250045313 -5.606197570195265
-141.3760689551299 -5.679248187796456
-143.43721290572856 -6.208072975846553
-145.49835685632718 -6.729776717576664
-147.55950080692583 -5.56838213713935
-149.62064475752447 -5.4272708655447985
-151.68178870812312 -5.728130775243581
-153.74293265872174 -7.156989356173208
-155.8040766093204 -5.500170430035916
-157.86522055991907 -5.859697827245746
-159.9263645105177 -6.5256875554795855
-161.98750846111633 -6.4754232606622715
-164.04865241171495 -6.463643446809032
-166.1097963623136 -6.154670151215365
-168.17094031291225 -7.423671593596469
-170.2320842635109 -7.374868556183288
-172.29322821410952 -5.121807133399049
-174.35437216470817 -5.833065606606502
-176.4155161153068 -5.450917961241448
-178.47666006590546 -7.476251652283289
-180.53780401650408 -6.476066300575875
-182.59894796710273 -6.3866886346360685
-184.66009191770135 -6.181549125993497
-186.72123586830003 -5.313184153635228
-188.78237981889865 -6.384330955591286
-190.8435237694973 -6.332157411385555
-192.90466772009592 -5.530072474502802
-194.96581167069456 -6.95114631984081
-197.02695562129324 -7.301662839794849
-199.08809957189183 -5.358557686586787
-201.14924352249048 -6.553480350636467
-203.2103874730891 -5.501568421611302
-205.27153142368778 -5.992298547705511
-207.3326753742864 -5.13726312470181
-209.39381932488504 -4.498151938443828
-211.45496327548366 -6.814943212420042
-213.51610722608234 -6.637272531719787
-215.57725117668096 -4.663183268059778
-217.6383951272796 -6.179933282405444
-219.69953907787823 -7.13612652505747
-221.76068302847688 -6.17639696509436
-223.82182697907552 -6.8814888634742335
-225.88297092967417 -5.8464562952364965
-227.9441148802728 -4.3885527437572405
-230.00525883087144 -6.958320672129156
-232.06640278147006 -7.067228595282179
-234.12754673206874 -5.462461136532838
-236.18869068266736 -7.449058330570094
-238.249834633266 -6.143724473669811
-240.31097858386465 -6.563733041228444
-242.3721225344633 -5.867842497447934
-244.43326648506195 -6.72377020025116
-246.49441043566057 -5.06679844286094
-248.55555438625922 -5.482216165051455
-250.61669833685784 -3.741283864493104
-252.6778422874565 -4.933418596959144
-254.73898623805513 -6.394126170302142
-256.8001301886538 -5.119912712180143
-258.86127413925243 -3.1317903245933927
-260.922418089851 -5.619965459415306
-262.9835620404497 -1.8059022638762954
-265.0447059910483 -4.2902448506534006
