# BEGINHEADER
# This file contains data from the SALSA 2m radio telescope.
# DATE=2023-11-13T17:03:0008
# GLON and GLAT given in degrees
# GLON=19.800673972566045
# GLAT=5.292778128881367
# DATA in two columns below. Col. 1 is velocity relative to LSR [km/s]. Col. 2 is uncalibrated antenna temperature [K].
# ENDHEADER
261.3244673128956 -3.6003536322333947
259.26332336229694 -4.308391201973151
257.2021794116983 -1.5088097498748743
255.14103546109968 -3.6883300493407094
253.07989151050106 -3.0278141848156412
251.01874755990238 -2.802102710074381
248.95760360930373 -2.2991819411403536
246.8964596587051 -4.9343134869421
244.83531570810646 -3.7913606790384544
242.77417175750784 -1.5048980471906446
240.71302780690917 -3.705421035953213
238.65188385631055 -2.469444618059989
236.5907399057119 -1.4263106205095488
234.52959595511328 -3.9459508686925253
232.46845200451463 -3.471467963995443
230.40730805391598 -2.0739400586072207
228.34616410331734 -2.0086666401769246
226.28502015271872 -2.888102676938856
224.22387620212007 -2.199600299668077
222.16273225152142 -2.5770030249704816
220.10158830092277 -4.293692389785449
218.04044435032415 -3.07424426221284
215.9793003997255 -3.2675902248279907
213.91815644912688 -2.846497657390534
211.8570124985282 -3.233228243051778
209.79586854792956 -2.871052638755398
207.73472459733094 -2.4226868310124945
205.6735806467323 -3.2487864311110672
203.61243669613367 -3.0484108874745792
201.551292745535 -2.1690082399992594
199.49014879493637 -3.963475368677293
197.42900484433775 -3.2816236780751873
195.3678608937391 -3.9729952081416497
193.30671694314046 -3.0259017600105804
191.24557299254184 -2.6537628577689354
189.1844290419432 -5.416983165450818
187.12328509134457 -3.6285849614565433
185.0621411407459 -2.6955713416077325
183.00099719014727 -3.7885397098557685
180.93985323954863 -3.0731954714596674
178.87870928895 -3.7967586962627013
176.81756533835136 -4.515596491662667
174.7564213877527 -4.747596872493504
172.69527743715406 -2.983474783808466
170.6341334865554 -3.7291616580068827
168.5729895359568 -3.5610469544071526
166.51184558535812 -5.5828663300529895
164.4507016347595 -4.267114267314274
162.38955768416085 -4.3570721564297665
160.32841373356223 -4.832859919748497
158.26726978296358 -4.555962973649009
156.20612583236493 -4.069813850464901
154.14498188176628 -4.795471619374502
152.08383793116766 -3.1523605956921994
150.02269398056902 -5.342667781967705
147.9615500299704 -4.350729679911895
145.90040607937172 -3.624662057740448
143.8392621287731 -4.7383559445033345
141.77811817817445 -6.079018502636884
139.71697422757583 -4.948138262360709
137.65583027697718 -4.546948909182635
135.59468632637854 -4.771210670596163
133.5335423757799 -4.73617874712803
131.47239842518124 -3.2223139292381306
129.4112544745826 -3.459841421172478
127.35011052398397 -4.004321525273879
125.28896657338532 -4.151201781480051
123.22782262278669 -2.0576995347227762
121.16667867218806 -5.25806288006305
119.10553472158941 -5.622957010811292
117.04439077099077 -5.090793520437121
114.98324682039213 -4.5959613938172055
112.92210286979348 -4.269344623449364
110.86095891919484 -3.7388431783539584
108.7998149685962 -3.0671344241542453
106.73867101799756 -4.711069875068564
104.67752706739891 -3.684779589291231
102.61638311680028 -2.7472119998667908
100.55523916620163 -4.129057437309286
98.494095215603 -3.8983139672517244
96.43295126500436 -4.241575978863527
94.37180731440571 -4.524554788656189
92.31066336380708 -3.9172743201044073
90.24951941320843 -5.055199408548047
88.1883754626098 -3.7683270261762742
86.12723151201115 -4.43231750980586
84.06608756141252 -3.4161447158227567
82.00494361081388 -3.125129959667215
79.94379966021523 -3.4243778224167873
77.8826557096166 -4.463337366241973
75.82151175901795 -6.120389376040443
73.7603678084193 -5.4686057947546125
71.69922385782066 -4.915598232883251
69.63807990722202 -5.317270105783823
67.57693595662339 -5.166826960713985
65.51579200602474 -5.24925388574306
63.4546480554261 -4.050620631852426
61.393504104827464 -4.984750614929696
59.33236015422882 -5.062412748458566
57.27121620363018 -4.61969440824226
55.21007225303154 -4.5161470948204805
53.1489283024329 -4.059569346425854
51.08778435183426 -2.837230102603952
49.02664040123562 -0.9852789410624306
46.965496450636984 -3.2491661891935237
44.904352500038335 -2.3052136553502125
42.843208549439694 -1.2168268160069977
40.78206459884105 -0.5635913665129958
38.72092064824241 -0.4353207124408185
36.65977669764377 -0.24600974403702325
34.59863274704514 0.04257647872469414
32.53748879644649 1.3514821996924986
30.47634484584785 3.2070726238270377
28.41520089524921 4.818562069681034
26.35405694465057 6.695791759041391
24.292912994051928 11.733298378221447
22.231769043453287 16.591063549073883
20.170625092854642 19.699899366109797
18.109481142256005 21.460173281211176
16.048337191657364 25.450566130328067
13.987193241058723 27.757130437470007
11.926049290460083 26.083630833849316
9.864905339861444 26.61345196224025
7.803761389262801 25.342140713786545
5.742617438664161 31.848081736486453
3.6814734880655196 37.807029591782026
1.6203295374668791 39.20213394040036
-0.4408144131317618 34.38085462879502
-2.5019583637304024 19.525537132018368
-4.5631023143290435 8.970860633391865
-6.624246264927684 5.614356572632473
-8.685390215526324 0.6133437010621913
-10.746534166124967 -0.5576505615324532
-12.807678116723608 -2.286971233106753
-14.868822067322249 -1.8685216839787235
-16.929966017920886 -0.8671261754359345
-18.99110996851953 -0.988471573310962
-21.052253919118172 -2.3448570033078235
-23.11339786971681 -1.885941983386551
-25.174541820315447 -1.3034568262016542
-27.235685770914092 -2.0880359694594257
-29.296829721512733 -0.8280214494091529
-31.35797367211137 -1.7160220719935784
-33.41911762271002 -1.5513034215867283
-35.48026157330865 -2.7109278059278306
-37.541405523907294 -2.6310308822008523
-39.602549474505935 -1.5218343795237792
-41.663693425104576 -2.849263080704622
-43.72483737570322 -2.2531772215676
-45.78598132630186 -4.634303233044972
-47.8471252769005 -4.340433486387621
-49.90826922749913 -4.121859711564187
-51.96941317809778 -6.413390992899253
-54.03055712869642 -4.841350052093866
-56.09170107929506 -6.610893638356867
-58.152845029893705 -6.188306119805939
-60.213988980492346 -5.025682221359977
-62.27513293109098 -4.942187174380211
-64.33627688168963 -6.138949047083207
-66.39742083228826 -6.189227878295312
-68.45856478288691 -4.673456338522694
-70.51970873348554 -6.12428581020074
-72.58085268408418 -6.1245092715123635
-74.64199663468283 -6.791062043254933
-76.70314058528146 -7.912310927473081
-78.76428453588011 -6.008937303579174
-80.82542848647876 -5.189039046500549
-82.88657243707739 -5.6314769934126465
-84.94771638767604 -7.172628669725586
-87.00886033827467 -6.416987523126589
-89.07000428887332 -5.258345024958437
-91.13114823947195 -6.69430558289575
-93.1922921900706 -6.50352222696116
-95.25343614066924 -6.794791576413276
-97.31458009126787 -7.148935093552222
-99.37572404186652 -6.852978443867353
-101.43686799246515 -6.042756600811253
-103.4980119430638 -6.023816419602285
-105.55915589366244 -6.964158781765433
-107.62029984426108 -5.471686541198625
-109.68144379485972 -5.193343755850941
-111.74258774545835 -5.145278724448841
-113.803731696057 -6.6312569981566885
-115.86487564665563 -7.197896081185331
-117.92601959725428 -7.337610796200622
-119.98716354785293 -5.8066626973562245
-122.04830749845158 -6.249852338211341
-124.10945144905021 -6.841542309730838
-126.17059539964885 -4.585205008189353
-128.2317393502475 -5.405270076871904
-130.2928833008461 -4.960110611545725
-132.35402725144476 -5.461943541370449
-134.4151712020434 -6.517230164371204
-136.47631515264206 -5.467682859777156
-138.5374591032407 -6.944550733680067
-140.59860305383933 -6.473626137550652
-142.65974700443797 -6.924864510290664
-144.72089095503662 -4.513679820666344
-146.78203490563527 -4.985112770371349
-148.8431788562339 -4.4117400327989005
-150.90432280683254 -5.105604228557416
-152.96546675743116 -4.429980650259893
-155.02661070802984 -6.16932643463215
-157.08775465862846 -5.598104869434319
-159.1488986092271 -6.404870756185303
-161.21004255982572 -5.227962406527969
-163.2711865104244 -6.209441523961941
-165.33233046102302 -6.114176901695391
-167.39347441162167 -5.006625023889784
-169.4546183622203 -4.677188531686945
-171.51576231281894 -5.92165045314429
-173.57690626341758 -6.2072049885682095
-175.63805021401623 -5.3504339607126825
-177.69919416461488 -5.458087105405384
-179.7603381152135 -5.724040583070939
-181.82148206581215 -4.836851049887075
-183.8826260164108 -6.659101041038436
-185.94376996700944 -6.4662113416918805
-188.00491391760806 -4.735130928203853
-190.0660578682067 -6.20701313234801
-192.12720181880536 -4.383292362584882
-194.188345769404 -4.705171515427143
-196.24948972000263 -5.569818272173709
-198.3106336706013 -6.441746127377995
-200.37177762119993 -5.3111697388004355
-202.43292157179857 -6.140050128819075
-204.49406552239722 -5.530630302092962
-206.55520947299587 -5.418193246420026
-208.6163534235945 -4.554752270432385
-210.67749737419314 -4.980651503562183
-212.73864132479176 -3.0848749493051244
-214.79978527539043 -6.109466359404042
-216.86092922598908 -4.0104488557668905
-218.9220731765877 -5.633825123492545
-220.98321712718635 -5.792047100503898
-223.04436107778497 -6.098984044807453
-225.10550502838365 -5.20884822998518
-227.16664897898227 -4.437652635117072
-229.22779292958091 -4.064961679020321
-231.28893688017953 -4.2584648806134675
-233.3500808307782 -6.222534285291788
-235.41122478137683 -3.2883562210245243
-237.47236873197548 -4.662524649188698
-239.5335126825741 -5.27099916126551
-241.59465663317275 -3.558260068246291
-243.6558005837714 -5.873619765333043
-245.71694453437004 -5.981922084688191
-247.77808848496866 -5.07245204779473
-249.8392324355673 -4.020132670813941
-251.90037638616593 -5.473102878506258
-253.9615203367646 -4.542706921575478
-256.0226642873632 -4.359513671959745
-258.0838082379619 -6.052775142650981
-260.1449521885605 -4.42156496653507
-262.2060961391592 -2.3731345544380456
-264.26724008975776 -4.481037730226994
