# BEGINHEADER
# This file contains data from the SALSA 2m radio telescope.
# DATE=2023-11-13T16:27:0033
# GLON and GLAT given in degrees
# GLON=59.71878331023348
# GLAT=0.1215502892114388
# DATA in two columns below. Col. 1 is velocity relative to LSR [km/s]. Col. 2 is uncalibrated antenna temperature [K].
# ENDHEADER
262.7860775885365 -1.0147160111102425
260.72493363793785 -3.2231413312283137
258.6637896873392 -2.8896618992070833
256.60264573674056 -2.9121049182228496
254.54150178614194 -2.0917720494691485
252.48035783554326 -2.182210663568737
250.41921388494464 -1.345554508773102
248.358069934346 -1.8895066757713725
246.29692598374734 -1.3866255592962582
244.23578203314872 -2.0146778204869475
242.17463808255005 -1.9958527910226278
240.11349413195143 -1.5181398872981327
238.05235018135278 -0.485892589990517
235.99120623075416 -1.929991023180582
233.93006228015548 -0.6527330345040805
231.86891832955686 0.09973123270265413
229.80777437895821 -0.8117509976498984
227.7466304283596 -2.1507046936266794
225.68548647776095 -2.839952978470532
223.6243425271623 -0.6124302730575975
221.56319857656365 -2.0429200171133246
219.50205462596503 -1.2665732393821998
217.44091067536638 -3.2433841860090977
215.37976672476776 -2.1291567234882103
213.31862277416909 -1.807525005102048
211.25747882357044 -1.13644018757848
209.19633487297182 -1.9866880728398315
207.13519092237317 -2.253529499165404
205.07404697177452 -1.8850264508046544
203.01290302117587 -3.1050781283741644
200.95175907057725 -1.2008504029442448
198.8906151199786 -2.3434075989657432
196.82947116937996 -2.6645931984700866
194.7683272187813 -1.69734165461985
192.70718326818266 -0.5191330122948917
190.646039317584 -2.6969004582290785
188.5848953669854 -1.097213181970214
186.52375141638674 -1.3519930106991385
184.46260746578812 -1.0455937012786924
182.40146351518945 -1.3016083875047066
180.34031956459083 -2.5913554831145977
178.27917561399218 -1.7085659090856213
176.21803166339356 -2.320725398982412
174.1568877127949 -2.2506440255889943
172.09574376219624 -2.287703550953109
170.03459981159762 -2.872551069989265
167.97345586099897 -2.7592205014272815
165.91231191040035 -3.09038442461622
163.85116795980167 -3.4905896821527365
161.79002400920305 -3.7925282118126526
159.7288800586044 -2.8800922332687118
157.66773610800578 -1.540153206067299
155.60659215740714 -0.887283558309181
153.5454482068085 -2.8615806806672643
151.48430425620984 -2.710910878267987
149.42316030561122 -2.9691849181321976
147.36201635501257 -2.0835480878959256
145.30087240441395 -1.693629495198289
143.23972845381527 -1.6329356751093476
141.17858450321665 -2.47140343056476
139.117440552618 -3.949515461621331
137.0562966020194 -3.2017903530933167
134.9951526514207 -4.5667873908715
132.93400870082206 -3.0962237286733454
130.87286475022344 -2.898745595029475
128.8117207996248 -4.559047645720421
126.75057684902616 -2.8788939310124544
124.68943289842753 -3.5652896472565856
122.62828894782888 -4.277877581998487
120.56714499723024 -3.458973439073192
118.50600104663161 -3.8011664931154487
116.44485709603296 -4.467587226006777
114.38371314543431 -3.606799595804175
112.32256919483567 -3.76932244290261
110.26142524423703 -2.908859311968883
108.20028129363838 -4.147399802817976
106.13913734303975 -5.5405059359333535
104.07799339244112 -3.1449312305241794
102.01684944184247 -3.1774884273083
99.95570549124383 -2.9672748768689456
97.8945615406452 -3.4079132543781525
95.83341759004657 -3.9953986712722336
93.77227363944792 -3.7596916667978326
91.71112968884928 -4.7068259510162695
89.64998573825063 -4.3031649212208745
87.588841787652 -3.21329017501955
85.52769783705337 -3.508226346091366
83.46655388645472 -3.441284893078793
81.40540993585608 -2.724638740956708
79.34426598525744 -4.670252161163387
77.2831220346588 -2.7358599696997086
75.22197808406014 -5.005242515966211
73.1608341334615 -3.896030995444643
71.09969018286287 -3.43429542084519
69.03854623226422 -5.0315315723725575
66.97740228166559 -3.314765765484913
64.91625833106696 -3.0555567353004887
62.85511438046831 -2.655844491484461
60.79397042986967 -2.7151925450581977
58.732826479271026 -3.6831244377095
56.671682528672385 -1.195000142589816
54.610538578073744 -0.37720144202990225
52.5493946274751 0.46491885058122295
50.48825067687647 1.0961886891079335
48.42710672627783 4.420980345215959
46.36596277567918 7.3934409121744675
44.30481882508054 11.915094306215318
42.2436748744819 16.176139652726246
40.182530923883256 20.024170739880745
38.12138697328462 27.98021704398491
36.06024302268598 33.55512224546097
33.99909907208734 42.871817296399904
31.937955121488695 51.32590319440069
29.876811170890054 58.777861587598636
27.815667220291417 68.09245324786579
25.754523269692776 73.27167783030703
23.69337931909413 79.19778659912544
21.63223536849549 81.74240461394028
19.57109141789685 82.21720633244057
17.509947467298208 86.87503459637433
15.448803516699567 94.51408671845168
13.387659566100927 98.98403580342553
11.326515615502288 102.87906075558546
9.265371664903647 108.0294477458203
7.204227714305005 107.48102574019892
5.143083763706365 101.08193934200224
3.081939813107723 87.49420369909772
1.0207958625090825 74.20157663662162
-1.0403480880895581 58.76062054640524
-3.1014920386881992 54.66758480719061
-5.16263598928684 46.61327378579117
-7.22377993988548 42.77806009366889
-9.284923890484121 39.66316687557361
-11.34606784108276 35.63440609442673
-13.407211791681405 34.25532721438274
-15.468355742280044 29.62328905862345
-17.529499692878687 27.922489515771094
-19.590643643477325 23.96310526657442
-21.651787594075966 18.46294090318461
-23.712931544674607 14.709273126593935
-25.774075495273248 11.597099595574772
-27.835219445871886 8.487983687376724
-29.896363396470527 7.187369308957415
-31.957507347069168 7.753884351322761
-34.01865129766781 5.509252997022839
-36.07979524826645 6.089722007012858
-38.14093919886509 5.230589270445887
-40.20208314946373 6.0401718906318616
-42.26322710006237 5.8294625055669265
-44.324371050661014 6.949955598620984
-46.38551500125965 10.455310453594706
-48.44665895185829 12.66166620244175
-50.50780290245694 18.504036196837504
-52.56894685305558 21.11730794218765
-54.63009080365422 24.79695486329149
-56.69123475425286 28.28972783708711
-58.752378704851495 33.30267669660044
-60.813522655450136 37.3941472631103
-62.87466660604878 39.75087281975653
-64.93581055664743 41.75769881060642
-66.99695450724606 41.650872542993625
-69.0580984578447 39.344041927441204
-71.11924240844334 35.306128732823936
-73.18038635904198 32.67513455243288
-75.24153030964062 27.635266231948624
-77.30267426023926 23.5163763894683
-79.3638182108379 19.511273227525784
-81.42496216143655 14.74893587761595
-83.48610611203519 12.65066063443233
-85.54725006263384 10.72730458314689
-87.60839401323247 5.732335277504708
-89.66953796383112 5.085278779859445
-91.73068191442975 3.308198093294981
-93.79182586502839 2.758752608714607
-95.85296981562703 2.5720107115823185
-97.91411376622567 -1.3728014703810205
-99.97525771682433 -2.2808027554744497
-102.03640166742296 -2.07971557350601
-104.0975456180216 -0.577146106348858
-106.15868956862025 -2.2796549722692885
-108.21983351921888 -3.8006045921443343
-110.28097746981753 -3.032006273065859
-112.34212142041616 -4.24905881975678
-114.4032653710148 -4.242437398274301
-116.46440932161345 -4.926805490190836
-118.5255532722121 -6.3802780329649025
-120.58669722281074 -3.9885791861571502
-122.64784117340938 -5.829912542442198
-124.70898512400802 -5.644865152966439
-126.77012907460666 -5.859559050393358
-128.8312730252053 -6.143213801574282
-130.89241697580394 -4.967471424537945
-132.95356092640256 -5.582175475632903
-135.0147048770012 -5.115647146936119
-137.07584882759988 -4.564812920102995
-139.1369927781985 -3.8431443792782893
-141.19813672879715 -6.0475212612308695
-143.25928067939577 -6.089895861628571
-145.32042462999442 -5.423137396467214
-147.38156858059307 -5.48651682384758
-149.44271253119172 -5.329387550312337
-151.50385648179034 -7.3664600227441674
-153.56500043238898 -6.0173130286384025
-155.6261443829876 -5.620976200639136
-157.68728833358628 -5.464405416698511
-159.7484322841849 -4.037162026036573
-161.80957623478355 -4.474329480687883
-163.87072018538217 -4.03791814790422
-165.93186413598085 -5.00915288236415
-167.99300808657947 -7.596590771751789
-170.0541520371781 -5.773267289459122
-172.11529598777673 -5.0274214609806664
-174.17643993837538 -6.357918761197654
-176.23758388897406 -4.388361292544677
-178.29872783957268 -5.120405315912475
-180.35987179017133 -5.464724109489733
-182.42101574076995 -4.264307157126236
-184.4821596913686 -5.804873055670557
-186.54330364196724 -4.756859102645918
-188.6044475925659 -5.478068844537611
-190.6655915431645 -5.829961727785126
-192.72673549376316 -7.05170060156363
-194.7878794443618 -4.851841979309336
-196.84902339496045 -6.847546997023478
-198.91016734555905 -7.4452094235984365
-200.9713112961577 -4.997218329372833
-203.03245524675634 -4.701174831366389
-205.093599197355 -4.808074466340428
-207.1547431479536 -4.815185575319447
-209.21588709855226 -5.280557766337013
-211.27703104915088 -4.967506382260754
-213.33817499974955 -5.049405181498768
-215.3993189503482 -5.849205004182724
-217.46046290094682 -4.396948139494074
-219.52160685154547 -5.753584996531062
-221.58275080214412 -6.578631116145061
-223.64389475274277 -6.375046608405468
-225.7050387033414 -6.8785743670076425
-227.76618265394004 -6.368304412841728
-229.82732660453865 -6.4232115417354505
-231.88847055513733 -5.269136309931557
-233.94961450573595 -6.658587421148911
-236.0107584563346 -6.229513674984345
-238.07190240693322 -4.534282061505174
-240.13304635753187 -5.888006122674589
-242.19419030813052 -4.818225360418014
-244.25533425872916 -4.418081692444634
-246.31647820932778 -5.383297243856479
-248.37762215992643 -4.596944850907531
-250.43876611052508 -4.57651730562414
-252.49991006112373 -5.005611181759828
-254.56105401172238 -4.520338327813277
-256.622197962321 -4.529445137870808
-258.6833419129196 -3.6868945844354934
-260.7444858635183 -2.9341141357733944
-262.8056298141169 -5.367342631744941
