# BEGINHEADER
# This file contains data from the SALSA 2m radio telescope.
# DATE=2023-11-13T17:05:0054
# GLON and GLAT given in degrees
# GLON=69.84708158164317
# GLAT=0.1494467534707609
# DATA in two columns below. Col. 1 is velocity relative to LSR [km/s]. Col. 2 is uncalibrated antenna temperature [K].
# ENDHEADER
264.0897664137584 -1.7888065568636724
262.02862246315976 -3.690901793059133
259.9674785125611 -3.0292772869983873
257.90633456196247 -3.515091942045042
255.84519061136382 -3.8598569169436194
253.7840466607652 -3.424476273223153
251.72290271016655 -2.9945122195905336
249.66175875956793 -1.511543342715137
247.60061480896925 -1.8817106907834198
245.53947085837063 -2.0663888914791677
243.478326907772 -0.7636147900976696
241.41718295717337 -1.6362859256234783
239.35603900657472 -1.3349635983927668
237.29489505597607 -2.493784021675447
235.23375110537742 -3.092198527980725
233.1726071547788 -1.6565118274593476
231.11146320418015 -1.5548681711388659
229.05031925358153 -1.7117553566818395
226.98917530298286 -1.9596955552336996
224.92803135238424 -2.669514042753881
222.8668874017856 -2.1719572272677965
220.80574345118694 -3.096610625352702
218.7445995005883 -2.420226840443686
216.68345554998965 -1.8325236337715325
214.62231159939103 -3.235374110042253
212.56116764879238 -2.8693112765755533
210.50002369819376 -2.2174418911818985
208.43887974759508 -2.562628917428783
206.37773579699646 -2.1388593977884787
204.3165918463978 -2.377610428603502
202.2554478957992 -2.9737299238030426
200.19430394520055 -1.2970842409837602
198.1331599946019 -1.6616816643052799
196.07201604400325 -2.81461572172064
194.01087209340463 -4.78558133695883
191.94972814280598 -2.280440855464094
189.88858419220733 -2.6826440430047716
187.82744024160868 -3.6560451827356237
185.76629629101006 -3.685192195657909
183.70515234041142 -3.590051933440263
181.64400838981277 -4.226473149346425
179.58286443921412 -2.405880178949775
177.52172048861547 -2.985087820677394
175.46057653801685 -2.331671034051778
173.3994325874182 -3.9476786930657304
171.33828863681958 -2.8405601605837063
169.2771446862209 -3.3812650706106773
167.2160007356223 -4.176403042242984
165.15485678502364 -3.6957650390841286
163.09371283442502 -2.421876629661791
161.03256888382637 -3.7444001982877344
158.97142493322772 -3.329749372488865
156.91028098262908 -4.6980851770568925
154.84913703203046 -3.834292593051818
152.7879930814318 -2.0225382665681018
150.72684913083316 -4.848892741543792
148.6657051802345 -3.0308960025923644
146.6045612296359 -2.973363415993367
144.54341727903724 -5.383294656543391
142.4822733284386 -3.595398156659962
140.42112937783995 -2.382904388870416
138.3599854272413 -3.7901578852343425
136.29884147664268 -3.5874518939849414
134.23769752604403 -4.255337357282278
132.1765535754454 -5.0929011981772945
130.11540962484676 -4.5484137398584545
128.05426567424811 -4.599268096672747
125.99312172364947 -4.608295824766506
123.93197777305082 -3.572706151402723
121.87083382245218 -2.6456974593802363
119.80968987185355 -5.519523644747126
117.7485459212549 -4.075710096198048
115.68740197065627 -3.838455970291842
113.62625802005762 -4.663310330422729
111.56511406945899 -5.763493716946982
109.50397011886034 -4.337744673121798
107.4428261682617 -3.5213744805198544
105.38168221766307 -4.727613400102334
103.32053826706442 -4.210131270778943
101.25939431646579 -4.576339777036344
99.19825036586714 -3.279046004009418
97.1371064152685 -3.6884623464683925
95.07596246466986 -4.491619291834613
93.01481851407122 -4.423825361541174
90.95367456347259 -6.041925665024909
88.89253061287394 -5.062688123859879
86.83138666227529 -5.338858948354009
84.77024271167664 -5.2899153104203025
82.70909876107801 -3.1635800518143338
80.64795481047936 -4.407626873090504
78.58681085988073 -4.2278719394937125
76.5256669092821 -4.197508868109656
74.46452295868345 -5.2863439511946915
72.40337900808481 -4.3323982836646024
70.34223505748616 -4.6518145283484476
68.28109110688753 -5.465307832459812
66.21994715628888 -5.511952462552071
64.15880320569025 -4.1571542649484226
62.09765925509161 -3.320340233981424
60.036515304492966 -4.232669222854487
57.975371353894324 -3.824825885908756
55.91422740329568 -5.091595219287118
53.85308345269704 -5.44301636238713
51.7919395020984 -5.040199180107579
49.73079555149976 -5.126119789497502
47.66965160090112 -4.078759157906893
45.60850765030248 -4.4972969111869725
43.547363699703844 -3.7014590223625023
41.4862197491052 -5.204941184723967
39.425075798506555 -3.993576963658516
37.363931847907914 -1.8506774727442705
35.30278789730927 -3.8043585021818926
33.24164394671063 -0.5830416438878814
31.180499996111994 1.236885867476932
29.119356045513353 1.879382407425879
27.058212094914712 5.351885607482885
24.997068144316074 12.025553079205636
22.935924193717433 19.910546815384773
20.874780243118792 29.11379436185919
18.81363629252015 42.23183384843355
16.752492341921513 55.62561630375539
14.69134839132287 73.69914922297045
12.63020444072423 89.9326245756446
10.569060490125588 108.28178562378598
8.50791653952695 124.23871509459947
6.446772588928307 129.43440656992146
4.385628638329666 134.49916464536653
2.324484687731025 129.45642327697473
0.26334073713238454 110.23156607040569
-1.7978032134662563 105.99747369835065
-3.8589471640648974 91.85380509400424
-5.920091114663538 76.91362223299497
-7.981235065262179 67.89262723560725
-10.042379015860819 56.073681656911475
-12.10352296645946 47.628972793473636
-14.164666917058101 42.57568867673324
-16.22581086765674 40.76117788069839
-18.28695481825538 38.067300892728674
-20.348098768854022 33.994301932964234
-22.409242719452664 33.37207746543148
-24.470386670051305 34.01524984130543
-26.53153062064995 31.807355001786792
-28.592674571248587 29.280451111217833
-30.653818521847228 23.589115987340833
-32.71496247244587 17.784097439333408
-34.77610642304451 16.245867740538518
-36.83725037364315 16.131719018640734
-38.89839432424179 12.536316289468484
-40.95953827484043 11.988989986215131
-43.020682225439074 11.295146376281854
-45.081826176037715 11.376769090241918
-47.14297012663636 13.187983524000337
-49.204114077235 15.581051230280188
-51.26525802783364 17.917648886703965
-53.32640197843227 22.542493446813324
-55.387545929030914 25.681555126013166
-57.44868987962956 28.587357583873793
-59.5098338302282 30.476782974721168
-61.570977780826844 35.74880573829122
-63.632121731425485 39.47941222161491
-65.69326568202412 42.51798623711495
-67.75440963262277 44.45544363236877
-69.81555358322142 44.45399358201103
-71.87669753382005 43.602989509912085
-73.93784148441868 43.060600913967356
-75.99898543501733 39.49359279072369
-78.06012938561597 32.49681704870079
-80.12127333621461 24.514449961799148
-82.18241728681325 20.02504827632404
-84.2435612374119 14.507423384408444
-86.30470518801053 10.44184257316106
-88.36584913860916 5.944956872847759
-90.42699308920781 3.471766618119979
-92.48813703980645 1.4852587253407414
-94.5492809904051 0.8035222143811163
-96.61042494100373 1.1424665767488602
-98.67156889160238 -1.0225942303272026
-100.73271284220101 -0.5106525400691115
-102.79385679279964 -0.5074923594847609
-104.85500074339829 -0.8553872726032365
-106.91614469399694 -1.0857915855413554
-108.97728864459559 -0.21100172249516755
-111.03843259519422 -0.5068203256603895
-113.09957654579287 -2.4560743348598386
-115.1607204963915 -2.2439932048895077
-117.22186444699014 -1.0284404883564155
-119.28300839758879 -3.1654484531046743
-121.34415234818742 -4.275727694042194
-123.40529629878607 -3.6058635396760006
-125.4664402493847 -5.6174713324813474
-127.52758419998335 -5.203792071327261
-129.588728150582 -5.730663594955927
-131.64987210118065 -4.696186839673737
-133.71101605177927 -6.231313617977721
-135.77216000237792 -6.586792163292452
-137.83330395297654 -5.342388075548489
-139.8944479035752 -6.716944493700138
-141.95559185417383 -5.704357432469814
-144.01673580477248 -5.514837175562095
-146.0778797553711 -6.2613837321427095
-148.13902370596975 -5.234335313711875
-150.2001676565684 -6.406954063385409
-152.26131160716704 -7.188085794606603
-154.32245555776566 -6.601506542936714
-156.3835995083643 -6.313201610043432
-158.44474345896293 -5.424496177856215
-160.5058874095616 -7.534145544543419
-162.56703136016023 -6.255837877807486
-164.62817531075888 -6.191759864080921
-166.68931926135753 -5.607607961943072
-168.75046321195617 -5.920504223406773
-170.81160716255482 -6.20995717305517
-172.87275111315344 -6.197831812130889
-174.9338950637521 -6.6944105606992075
-176.9950390143507 -7.429003353129956
-179.0561829649494 -6.112967049362299
-181.117326915548 -6.992176467932288
-183.17847086614665 -6.063401344304743
-185.23961481674527 -4.187121835670639
-187.30075876734392 -5.394956512574828
-189.36190271794257 -6.889475374169642
-191.42304666854122 -4.860656737445218
-193.48419061913984 -5.470732986232421
-195.5453345697385 -4.982829683121853
-197.60647852033713 -6.875989690138985
-199.66762247093578 -7.318302902755923
-201.7287664215344 -7.323483158832107
-203.78991037213305 -6.356778053623986
-205.8510543227317 -6.933048584167024
-207.91219827333035 -5.774422227027111
-209.973342223929 -5.647429378252141
-212.03448617452761 -5.261279507558511
-214.09563012512626 -4.164176650726227
-216.15677407572488 -5.684297154673749
-218.21791802632356 -6.705654781368846
-220.27906197692218 -5.41958766595706
-222.34020592752083 -6.655061262210349
-224.40134987811945 -7.341506682097797
-226.4624938287181 -5.561029069265694
-228.52363777931674 -4.940242432067049
-230.5847817299154 -6.743125357136255
-232.645925680514 -6.183846090965628
-234.70706963111266 -5.258338555590117
-236.7682135817113 -6.374748595195652
-238.82935753230996 -6.210424291112802
-240.89050148290858 -5.582179341153458
-242.95164543350722 -6.251855710969316
-245.01278938410587 -5.4511050058545045
-247.07393333470452 -6.11809038224765
-249.13507728530317 -5.366320066464228
-251.1962212359018 -4.48816979268087
-253.25736518650044 -5.747852159498743
-255.31850913709906 -5.524989568738486
-257.3796530876977 -4.20062821869347
-259.44079703829635 -3.145292723054787
-261.501940988895 -3.152257994302381
