# BEGINHEADER
# This file contains data from the SALSA 2m radio telescope.
# DATE=2023-11-13T16:43:0050
# GLON and GLAT given in degrees
# GLON=89.82351094157679
# GLAT=5.01436223456407
# DATA in two columns below. Col. 1 is velocity relative to LSR [km/s]. Col. 2 is uncalibrated antenna temperature [K].
# ENDHEADER
269.06388938059274 -1.9770538912185553
267.0027454299941 -4.903544494005267
264.94160147939544 -6.034170635639587
262.8804575287968 -4.237923394104428
260.81931357819815 -4.038431763335095
258.75816962759956 -1.070467911085543
256.6970256770009 -1.9939370096517377
254.63588172640223 -1.0392943063197242
252.5747377758036 -0.9357957265216899
250.51359382520496 -0.9654563898199051
248.45244987460634 -2.8535628427767414
246.3913059240077 -2.7718608411935506
244.33016197340905 -1.229046516624572
242.2690180228104 -2.191976732529164
240.20787407221178 -0.9922155557046105
238.14673012161313 -1.1214083604088034
236.0855861710145 -0.3801112097345309
234.02444222041584 -2.7638583255534708
231.96329826981722 -1.2378945999817557
229.90215431921857 -1.6960442397846762
227.84101036861995 -2.6993798446910593
225.77986641802127 -1.8676842054898954
223.71872246742262 -1.4330756768628363
221.657578516824 -2.0296261974719965
219.59643456622535 -2.3334488259791217
217.53529061562674 -0.6856751356261316
215.47414666502806 0.4704569525118783
213.41300271442944 -1.351034586465096
211.3518587638308 -1.8024026119739118
209.29071481323217 -2.505828439257506
207.22957086263352 -2.4476249648221353
205.16842691203487 -1.1890046076986358
203.10728296143623 -2.1992166256697336
201.0461390108376 -1.7268514242128872
198.98499506023896 -2.3768438302896646
196.9238511096403 -1.4352018449325206
194.86270715904166 -2.041087342960837
192.801563208443 -2.1760860595448928
190.74041925784437 -2.365329315755225
188.67927530724572 -2.7761407819371207
186.6181313566471 -1.6860525492553637
184.55698740604842 -2.1567784469180626
182.4958434554498 -3.563190839429731
180.43469950485115 -3.0679365093662287
178.37355555425253 -2.6935061152371325
176.31241160365389 -1.683944883163805
174.25126765305524 -2.491181100782265
172.1901237024566 -2.8561526410721343
170.12897975185797 -2.5119747444886924
168.06783580125932 -2.6479046150877674
166.0066918506607 -3.2711309883561555
163.94554790006202 -3.4921934598509456
161.8844039494634 -3.4502140705684843
159.82325999886476 -3.281971801566023
157.76211604826614 -1.1207864997918713
155.70097209766746 -3.684066845994718
153.63982814706884 -3.3678843620956713
151.5786841964702 -3.653850343970977
149.51754024587154 -3.454386589108491
147.45639629527292 -2.7830552076413
145.39525234467425 -3.299498252910222
143.33410839407563 -3.6430813609960593
141.27296444347698 -4.144588525808984
139.21182049287836 -2.2944011502734605
137.1506765422797 -2.323378536333021
135.08953259168106 -2.5676753599561937
133.02838864108242 -3.0565614753386408
130.9672446904838 -3.4563581250486575
128.90610073988515 -2.59891836321185
126.8449567892865 -3.5608024008484667
124.78381283868787 -3.7090129074701554
122.72266888808922 -3.6358183893716323
120.66152493749058 -3.2856416035424463
118.60038098689193 -0.8480787645371249
116.5392370362933 -2.220100482597544
114.47809308569465 -3.889133619409755
112.41694913509602 -3.2223339125258836
110.35580518449738 -3.6769330781726164
108.29466123389874 -3.9211375087304337
106.2335172833001 -4.233022818845466
104.17237333270145 -3.1890931692315543
102.11122938210282 -4.113530526013683
100.05008543150417 -4.1798331654392635
97.98894148090555 -4.834279223335776
95.9277975303069 -3.897673751476962
93.86665357970827 -4.666396471475099
91.80550962910962 -3.7272948497688554
89.74436567851097 -2.7946621294650167
87.68322172791234 -4.4629323718047775
85.62207777731369 -4.687029408896952
83.56093382671506 -4.911250028541347
81.49978987611641 -4.088018799203603
79.43864592551778 -4.474611928690622
77.37750197491914 -4.311431333222787
75.3163580243205 -6.1316566964334065
73.25521407372186 -5.64734548901087
71.19407012312321 -4.538094114230679
69.13292617252458 -4.260515337933066
67.07178222192593 -5.111686161055314
65.0106382713273 -5.44589036136696
62.94949432072865 -3.6361146550542425
60.888350370130006 -5.7307716753384845
58.827206419531365 -5.216257503241628
56.76606246893273 -4.3570137742316515
54.70491851833409 -4.9975166238122295
52.64377456773545 -4.335220005283283
50.58263061713681 -6.158132920124191
48.521486666538166 -6.089413457212161
46.460342715939525 -5.438511614605057
44.39919876534088 -4.749117635619654
42.33805481474224 -5.396259751565916
40.2769108641436 -4.510151216077428
38.21576691354496 -4.184651896081078
36.15462296294632 -4.800442345952309
34.09347901234768 -3.231525522494422
32.03233506174904 -2.553564797201576
29.9711911111504 -3.7748942821339804
27.910047160551755 -4.092078847566796
25.848903209953118 -0.827560407593064
23.787759259354473 -0.47335722098415783
21.726615308755832 -0.6525600609893591
19.66547135815719 4.5215635706732735
17.60432740755855 7.497274680308578
15.54318345695991 10.59615022664024
13.48203950636127 19.7341104232384
11.420895555762629 30.48854522977301
9.359751605163988 46.13470408990014
7.298607654565347 61.71364874726874
5.237463703966707 71.53295330302922
3.1763197533680665 86.27035595781513
1.115175802769425 93.62167016835964
-0.9459681478292157 95.1087482767249
-3.0071120984278563 96.40359179376128
-5.0682560490264965 99.0348343101947
-7.1293999996251385 100.0412199498333
-9.190543950223779 95.99638746986884
-11.251687900822422 87.46916892781762
-13.31283185142106 77.85339165970522
-15.3739758020197 64.34974325952192
-17.43511975261834 53.64975809046169
-19.496263703216986 46.23796374634183
-21.557407653815623 36.672087201759474
-23.618551604414264 29.29975138266631
-25.679695555012902 23.522887175377097
-27.740839505611543 20.310363356639606
-29.801983456210184 18.909208425657187
-31.863127406808825 19.098453548661425
-33.92427135740747 18.828907935640153
-35.98541530800611 17.353082867429777
-38.04655925860475 17.689858938138343
-40.107703209203386 18.26676850938922
-42.16884715980203 19.92003067132253
-44.22999111040067 21.684327645662286
-46.29113506099931 23.087802046713374
-48.35227901159795 22.25882670657021
-50.41342296219659 22.419785729649867
-52.47456691279524 21.247065553805605
-54.535710863393874 22.27255269740916
-56.596854813992515 20.919133472763782
-58.657998764591156 21.345323016685526
-60.7191427151898 21.315548512557136
-62.78028666578844 22.022919931526385
-64.84143061638709 24.009809921062025
-66.90257456698572 25.778124907015744
-68.96371851758437 29.847295049020495
-71.024862468183 33.217772272904725
-73.08600641878165 35.17078875074752
-75.14715036938028 38.38168169049662
-77.20829431997892 37.36139074593528
-79.26943827057757 34.72662618199587
-81.3305822211762 33.430872070168725
-83.39172617177485 29.885965623316746
-85.45287012237348 26.06759596653491
-87.51401407297212 23.433368798336137
-89.57515802357076 23.4598739829601
-91.6363019741694 22.186418026927292
-93.69744592476805 20.850347533784333
-95.75858987536668 19.528703621518112
-97.81973382596533 15.289818098778175
-99.88087777656398 14.616605661825277
-101.94202172716263 9.315934574951577
-104.00316567776127 6.422557242127042
-106.06430962835991 6.507725494394767
-108.12545357895856 4.725680044898533
-110.18659752955719 5.410559199637779
-112.24774148015582 4.831576188749307
-114.30888543075447 3.434995826135479
-116.3700293813531 1.1937919934771686
-118.43117333195175 0.5561079188850944
-120.49231728255039 -1.1374473881842657
-122.55346123314902 -3.9497723643093323
-124.61460518374767 -2.523741864836988
-126.6757491343463 -3.850452269091284
-128.73689308494497 -2.216869391055599
-130.7980370355436 -3.678559486179957
-132.85918098614223 -4.306869741864493
-134.92032493674088 -5.6925637100300825
-136.98146888733953 -5.8804178468174
-139.04261283793815 -4.904414157477137
-141.1037567885368 -7.648149487691697
-143.16490073913542 -5.718945713366269
-145.2260446897341 -5.624150426566858
-147.28718864033272 -6.2446592843933
-149.34833259093136 -6.103092197023573
-151.40947654152998 -6.236385528446191
-153.47062049212863 -5.123728874156633
-155.53176444272728 -5.955676096848114
-157.59290839332593 -6.247200395872342
-159.65405234392458 -6.077317959698114
-161.7151962945232 -5.970680257315758
-163.77634024512184 -5.285573905184159
-165.8374841957205 -6.390267070265858
-167.89862814631914 -7.7135368123107515
-169.95977209691776 -6.2352507125437
-172.0209160475164 -5.58940720886263
-174.08205999811506 -6.519004407332163
-176.1432039487137 -6.631752543529088
-178.20434789931232 -6.867293896434322
-180.26549184991097 -6.34156472145426
-182.3266358005096 -5.51323990040393
-184.38777975110827 -6.687514523591139
-186.4489237017069 -8.020979798346428
-188.51006765230554 -6.994840715261151
-190.57121160290416 -7.073313558410139
-192.6323555535028 -7.173062264030409
-194.69349950410145 -5.781904981374041
-196.7546434547001 -8.239865422351528
-198.8157874052987 -7.259704492687727
-200.87693135589737 -5.368312424251951
-202.93807530649602 -7.713038234530177
-204.99921925709464 -7.7158461414981225
-207.06036320769329 -5.437344702842141
-209.1215071582919 -4.522056775508868
-211.18265110889058 -5.2912476528136265
-213.2437950594892 -6.436792247493587
-215.30493901008785 -6.281603939000549
-217.36608296068647 -7.151811446647609
-219.42722691128512 -5.146067909448504
-221.48837086188377 -6.616500442341644
-223.5495148124824 -8.60470189426969
-225.61065876308103 -5.478637669038554
-227.67180271367968 -7.312443825592792
-229.73294666427833 -8.73111679992516
-231.79409061487698 -6.2234026656634525
-233.8552345654756 -7.865396264949234
-235.91637851607425 -7.8512513355319715
-237.9775224666729 -8.419891549759933
-240.03866641727154 -6.168435445971296
-242.0998103678702 -6.055053217636104
-244.1609543184688 -5.256780187052624
-246.22209826906746 -4.758068867346214
-248.28324221966608 -5.128083540604997
-250.34438617026476 -6.26148536663023
-252.40553012086338 -4.6318312722617
-254.46667407146202 -4.593838232993119
-256.52781802206067 -4.84271864590801
