# BEGINHEADER
# This file contains data from the SALSA 2m radio telescope.
# DATE=2023-11-13T16:38:0016
# GLON and GLAT given in degrees
# GLON=99.81225764351652
# GLAT=0.007839050355615681
# DATA in two columns below. Col. 1 is velocity relative to LSR [km/s]. Col. 2 is uncalibrated antenna temperature [K].
# ENDHEADER
267.8616397468985 -2.067548586230261
265.80049579629986 -4.45000226746588
263.7393518457012 -3.682607581492269
261.67820789510256 -3.8954240778760196
259.6170639445039 -3.2931492579895347
257.5559199939053 -2.3218383655076664
255.49477604330664 -1.988490606132521
253.433632092708 -3.152254500029159
251.37248814210938 -4.051553123413745
249.31134419151073 -1.876302690142515
247.2502002409121 -2.2348273771254936
245.18905629031343 -3.473808033300487
243.1279123397148 -2.6356908745327297
241.06676838911616 -0.7063610138691846
239.00562443851751 -1.4683013254381352
236.94448048791887 -1.8598119757619347
234.88333653732022 -1.8550991584914516
232.8221925867216 -3.0900381773923336
230.76104863612295 -1.8448472021659392
228.69990468552433 -2.4847361903825593
226.63876073492565 -2.02877698851533
224.57761678432703 -1.9508362626068136
222.5164728337284 -2.311654756980338
220.45532888312977 -2.7141896185694883
218.39418493253112 -2.5185975723163887
216.33304098193247 -2.554496590475706
214.27189703133382 -2.7260518920082237
212.2107530807352 -3.2076291799366876
210.14960913013655 -1.9766371019007503
208.08846517953793 -2.7340797036699724
206.02732122893926 -3.3771457201539663
203.96617727834064 -1.6067361849868065
201.905033327742 -1.8756159063848745
199.84388937714334 -2.4728777688413883
197.7827454265447 -1.9575544445908937
195.72160147594602 -1.953504989882048
193.6604575253474 -3.484483571905209
191.59931357474875 -2.061107406202376
189.53816962415013 -3.4678206624355195
187.47702567355148 -2.76945746339608
185.41588172295283 -3.52363856547909
183.35473777235418 -2.04582029705278
181.29359382175556 -1.267798255813787
179.23244987115692 -3.6746899672508584
177.1713059205583 -3.523064964239746
175.11016196995962 -3.363262979230892
173.049018019361 -1.9652408176697678
170.98787406876235 -3.1469896010171907
168.92673011816373 -3.471252534228335
166.86558616756508 -3.443205427816066
164.8044422169664 -3.7725028994131313
162.7432982663678 -3.547265180995795
160.68215431576914 -4.404089918366265
158.62101036517052 -3.2903132610855335
156.55986641457184 -3.9969017459939953
154.49872246397322 -3.5238342003764673
152.43757851337458 -3.239955301501184
150.37643456277596 -3.6914142898041002
148.3152906121773 -3.963382200607088
146.25414666157866 -3.684745220584526
144.19300271098 -4.3202936913654675
142.1318587603814 -5.373991306282155
140.07071480978274 -3.5370743706052377
138.00957085918412 -4.38933785008447
135.94842690858545 -4.621155998946311
133.88728295798683 -3.2940211386998284
131.82613900738818 -3.7444859930130567
129.76499505678953 -5.288961857203539
127.7038511061909 -4.193162648336026
125.64270715559225 -5.504269413033886
123.58156320499361 -3.1703152257438876
121.52041925439498 -4.486898779823366
119.45927530379633 -4.40366354751541
117.3981313531977 -4.034524622297268
115.33698740259905 -6.356532552461011
113.27584345200042 -4.690438692060093
111.21469950140178 -5.20021548415286
109.15355555080313 -4.115805585985304
107.09241160020449 -4.524559021025601
105.03126764960584 -4.985010484880194
102.9701236990072 -5.309320994291527
100.90897974840856 -5.345435908182322
98.84783579780992 -5.842776279063759
96.78669184721129 -5.356196464437758
94.72554789661264 -6.378638801689908
92.664403946014 -6.737257953731307
90.60325999541536 -6.03422625711053
88.54211604481672 -4.666162882455253
86.48097209421807 -4.670646563529967
84.41982814361944 -5.796382561513476
82.3586841930208 -5.468712299908303
80.29754024242216 -5.299102838103162
78.23639629182352 -5.066971021433738
76.17525234122488 -7.561568904140766
74.11410839062624 -5.811929266607841
72.0529644400276 -5.194408309219828
69.99182048942896 -4.955030334789581
67.93067653883031 -5.946095649887495
65.86953258823166 -5.250261453814483
63.80838863763303 -4.35887892273535
61.747244687034396 -6.496255836986991
59.686100736435755 -5.009718546884408
57.62495678583711 -5.3430514950378845
55.563812835238465 -6.273762411990375
53.502668884639824 -4.629383963402579
51.44152493404118 -4.183102188797767
49.38038098344255 -5.538126635092898
47.31923703284391 -5.664238336743067
45.258093082245274 -6.2145105376087795
43.19694913164663 -5.100972690854525
41.13580518104799 -4.743693538916953
39.074661230449344 -6.981374993515397
37.0135172798507 -5.524228857172667
34.95237332925206 -6.144158531719782
32.89122937865342 -5.318127924947192
30.830085428054783 -4.837342572659369
28.768941477456146 -6.155530100337662
26.707797526857505 -4.939979013723681
24.64665357625886 -4.758415148183043
22.58550962566022 -1.96447124210635
20.52436567506158 -2.3037639315329193
18.46322172446294 -2.0115745101355964
16.4020777738643 -1.1709635447837612
14.340933823265658 1.8523062846173677
12.279789872667017 4.035795869429591
10.218645922068376 10.88332059856752
8.157501971469737 20.194738853006655
6.096358020871094 33.674681019708
4.0352140702724535 51.20761210178939
1.9740701196738126 68.81714951633684
-0.08707383092482811 79.47680771074546
-2.1482177815234693 84.4328319272596
-4.20936173212211 81.19448074736488
-6.27050568272075 76.73038245823615
-8.33164963331939 72.94338684999123
-10.392793583918031 66.16507545431814
-12.453937534516673 59.67000883454027
-14.515081485115312 52.520037206652184
-16.576225435713955 55.572083020868476
-18.637369386312596 54.59842550982334
-20.698513336911233 53.275053012339875
-22.759657287509874 48.9778752244466
-24.82080123810852 44.65573319302058
-26.881945188707157 40.01605953096874
-28.943089139305798 36.28084218164157
-31.00423308990444 35.47286273868277
-33.06537704050308 37.10285356881995
-35.12652099110172 38.21519173730326
-37.187664941700355 40.2526074443026
-39.248808892299 39.19681005871576
-41.309952842897644 37.02728783613566
-43.371096793496285 38.413818376933875
-45.432240744094926 37.997146900797446
-47.49338469469357 35.81440549700628
-49.55452864529221 40.35688657642076
-51.61567259589085 43.17582096559223
-53.67681654648949 46.589683902871876
-55.73796049708813 47.593710634948366
-57.79910444768678 51.31893583988061
-59.86024839828542 51.72413339976571
-61.921392348884055 54.21885576251021
-63.982536299482696 53.88540425748301
-66.04368025008134 55.63077879493577
-68.10482420067997 54.21306183629967
-70.16596815127862 50.111100159550546
-72.22711210187725 44.94601198971923
-74.2882560524759 38.84144851520212
-76.34940000307454 32.442294437177615
-78.41054395367318 26.22170548403467
-80.47168790427182 21.537435029950043
-82.53283185487045 18.22078792011335
-84.5939758054691 17.28142403155371
-86.65511975606775 17.02032062850046
-88.7162637066664 17.444813387357573
-90.77740765726503 20.60994303219794
-92.83855160786368 24.25616321013775
-94.89969555846231 28.14856805557321
-96.96083950906095 24.07823352293608
-99.0219834596596 21.876798023271775
-101.08312741025823 18.363752873124096
-103.14427136085688 15.99118255702975
-105.20541531145551 11.973461470963073
-107.26655926205416 9.275676638940064
-109.32770321265279 5.782058303020585
-111.38884716325143 5.861967902859404
-113.44999111385007 4.579195557134185
-115.51113506444871 0.8982126270705543
-117.57227901504736 -0.2113431844391115
-119.63342296564599 -0.8394857631023012
-121.69456691624464 -3.040255710420801
-123.75571086684327 -4.528691146788607
-125.81685481744192 -4.0976366417994186
-127.87799876804057 -4.6207639067139
-129.9391427186392 -4.171524439176488
-132.00028666923782 -4.231733102340042
-134.0614306198365 -6.213087932041741
-136.12257457043512 -7.249057115156688
-138.18371852103377 -6.437905850142601
-140.2448624716324 -6.537263153736079
-142.30600642223104 -5.981378681528598
-144.3671503728297 -4.167173799994896
-146.42829432342833 -6.850198623310958
-148.48943827402698 -5.871664357876206
-150.5505822246256 -5.79461548417301
-152.61172617522425 -5.4359149645605
-154.6728701258229 -5.5237213074645775
-156.73401407642154 -6.766308300692991
-158.79515802702016 -6.578582646387522
-160.8563019776188 -6.461366747352091
-162.91744592821746 -6.024592697332695
-164.9785898788161 -5.153117522061883
-167.03973382941473 -6.5270106876970715
-169.10087778001338 -7.914953731111864
-171.162021730612 -5.548786025423136
-173.22316568121067 -6.0089099596200795
-175.2843096318093 -7.170912483427723
-177.34545358240794 -7.006203733754701
-179.40659753300656 -5.7945164031509195
-181.4677414836052 -6.864578012047955
-183.5288854342039 -6.339952936429581
-185.5900293848025 -6.831592471206608
-187.65117333540115 -5.577029192382079
-189.71231728599977 -6.070481049121424
-191.77346123659845 -6.04555108698884
-193.83460518719707 -6.105377738319108
-195.89574913779572 -5.793631160925339
-197.95689308839434 -4.72001535225902
-200.018037038993 -6.1922460463962725
-202.0791809895916 -6.129613534124187
-204.14032494019025 -6.365360345656139
-206.20146889078887 -5.341165143285066
-208.26261284138752 -4.486179309635723
-210.32375679198617 -6.47703206896519
-212.38490074258482 -6.761199893017452
-214.44604469318344 -6.307417863671097
-216.5071886437821 -6.70930463798323
-218.56833259438073 -6.983393567195018
-220.62947654497938 -7.128455098176936
-222.690620495578 -6.602133818887358
-224.75176444617665 -6.651109983596233
-226.8129083967753 -6.7058691070073255
-228.87405234737395 -4.536004783213768
-230.9351962979726 -5.563700311448706
-232.99634024857122 -5.536664088405303
-235.05748419916986 -6.648780401335717
-237.11862814976848 -6.5263016239700855
-239.17977210036716 -6.261180802477599
-241.24091605096578 -4.502799310921735
-243.30206000156443 -6.3299594232660485
-245.36320395216305 -5.987244798119094
-247.42434790276172 -6.040385757987474
-249.48549185336034 -6.429758036199841
-251.546635803959 -4.389176634418917
-253.6077797545576 -5.630359968491437
-255.66892370515626 -4.122670255740704
-257.7300676557549 -4.690480256089593
