# BEGINHEADER
# This file contains data from the SALSA 2m radio telescope.
# DATE=2023-11-13T16:08:0059
# GLON and GLAT given in degrees
# GLON=19.841181324827453
# GLAT=0.304860044229877
# DATA in two columns below. Col. 1 is velocity relative to LSR [km/s]. Col. 2 is uncalibrated antenna temperature [K].
# ENDHEADER
258.8412831038743 -1.737380116634644
256.7801391532756 -4.833259624787225
254.718995202677 -4.54562700701286
252.6578512520784 -5.5891334736825975
250.5967073014797 -4.156419271944379
248.53556335088106 -3.685054676756749
246.47441940028244 -3.837046207731716
244.4132754496838 -2.581350735324108
242.35213149908515 -3.0082067498352365
240.2909875484865 -2.9500338336566845
238.22984359788788 -3.5477703610632894
236.16869964728923 -2.7426468197303504
234.1075556966906 -3.9732554003031195
232.04641174609193 -3.1609214821798775
229.98526779549331 -4.325323242313626
227.92412384489467 -3.5772559358550398
225.86297989429605 -2.7414208557469117
223.8018359436974 -3.8736071035282063
221.74069199309875 -2.1771718703559326
219.6795480425001 -3.4945390383780692
217.61840409190148 -4.563455391890847
215.55726014130283 -2.8154200682689234
213.49611619070419 -4.892472555169365
211.43497224010554 -3.325315883229474
209.3738282895069 -4.224202180582834
207.31268433890827 -3.3934646555556736
205.25154038830962 -3.2166255524468883
203.19039643771097 -3.064908389588692
201.12925248711232 -3.7251176609850347
199.0681085365137 -5.07959369356977
197.00696458591509 -3.817434066493605
194.94582063531644 -4.423740094800717
192.8846766847178 -3.7138174813619
190.82353273411917 -3.821966699873342
188.76238878352052 -5.098522415219787
186.70124483292187 -3.1479222265440203
184.64010088232322 -3.863680170983857
182.5789569317246 -4.197524725744406
180.51781298112596 -4.075072768988964
178.45666903052734 -3.8341466538945435
176.39552507992866 -5.591145309951932
174.33438112933004 -3.465905841678887
172.2732371787314 -2.5756704694979984
170.21209322813277 -3.2814506469752773
168.15094927753412 -3.2620496277219275
166.08980532693545 -5.480813179738711
164.02866137633683 -4.0074615783492105
161.96751742573818 -4.704789043312635
159.90637347513956 -4.305316916965702
157.84522952454088 -3.3047896247255073
155.78408557394226 -6.0396573761203705
153.72294162334362 -3.564639399772442
151.661797672745 -3.251550813611037
149.60065372214635 -4.126213368533124
147.5395097715477 -4.537887590195319
145.47836582094905 -3.8197390474331967
143.41722187035043 -5.357093264477579
141.35607791975178 -4.540572897875353
139.29493396915316 -4.09958063559623
137.2337900185545 -4.396919380154404
135.17264606795587 -2.135833268300029
133.11150211735722 -1.2491543426634337
131.05035816675857 -1.9591749905963058
128.98921421615992 -0.5928491072355202
126.9280702655613 1.8273503644667055
124.86692631496265 2.649367593645485
122.80578236436402 4.027158402685516
120.74463841376537 5.442890101014785
118.68349446316674 7.653350034226457
116.62235051256809 9.567335362523869
114.56120656196946 11.493753734854742
112.50006261137082 11.309586419719906
110.43891866077216 12.529941754281403
108.37777471017353 14.472095712314504
106.31663075957488 15.474837747471048
104.25548680897624 14.162428035096267
102.1943428583776 17.63695332568038
100.13319890777896 17.269968819349174
98.07205495718031 16.676477670892833
96.01091100658167 16.288382474815904
93.94976705598303 18.206137183504786
91.8886231053844 16.755404292526798
89.82747915478575 15.635004304447374
87.76633520418711 16.492980946556273
85.70519125358847 16.00560587458521
83.64404730298983 17.079582002281168
81.58290335239118 18.12368623684435
79.52175940179255 18.421874046900154
77.46061545119392 19.883630606552135
75.39947150059527 19.282584728614925
73.33832754999662 19.163000679927162
71.27718359939797 19.56367260789682
69.21603964879934 19.032812500829067
67.15489569820069 20.69166776530232
65.09375174760206 21.946464460982355
63.032607797003415 23.098690844737597
60.971463846404774 24.531068123188742
58.91031989580614 28.20182556555155
56.8491759452075 28.804671283455885
54.78803199460886 30.579279116470346
52.72688804401022 29.660676327293626
50.665744093411575 33.1223686576799
48.604600142812934 33.71905536470294
46.54345619221429 33.3881138477759
44.48231224161565 34.65851270333374
42.42116829101701 35.55768386235562
40.36002434041837 38.458510217394995
38.29888038981973 38.377409327068726
36.23773643922109 38.25768485604658
34.17659248862245 39.576123108287874
32.115448538023806 42.707484553493785
30.054304587425165 44.534422370738895
27.993160636826527 46.73100644656297
25.932016686227886 49.013878537719414
23.870872735629245 50.00804901954732
21.809728785030604 56.3841122925098
19.748584834431963 61.36675016102344
17.68744088383332 63.956011327485584
15.626296933234682 64.25282525476786
13.565152982636041 61.71782663817026
11.504009032037402 60.10442657764702
9.442865081438761 58.77984884598127
7.381721130840121 55.58440290004538
5.320577180241479 57.16666148648653
3.259433229642838 59.77870730109114
1.1982892790441975 66.37219499201417
-0.8628546715544433 56.975480592607425
-2.923998622153084 40.79852072969629
-4.985142572751726 28.441654521263796
-7.046286523350365 22.315946255617106
-9.107430473949005 19.672389109016176
-11.168574424547648 18.001594760018392
-13.22971837514629 16.672832782586916
-15.290862325744929 15.400191256309286
-17.35200627634357 15.39018443483154
-19.413150226942214 16.574593445345283
-21.474294177540852 17.073465830668415
-23.535438128139493 17.208110595293682
-25.596582078738134 16.98597106666658
-27.65772602933677 16.66371929503381
-29.718869979935416 17.828576074379207
-31.780013930534057 18.095136737929217
-33.8411578811327 18.01101086099952
-35.90230183173134 15.131878237412772
-37.96344578232998 10.790460131699435
-40.02458973292862 9.372226258888954
-42.08573368352726 6.102169283238741
-44.1468776341259 2.9207747497758905
-46.20802158472454 -0.8912930412352157
-48.26916553532318 -4.722885944375435
-50.33030948592182 -6.082912078410999
-52.391453436520464 -5.781143112508976
-54.452597387119106 -5.981019267163258
-56.51374133771775 -4.840692519793489
-58.57488528831639 -6.845470357289535
-60.63602923891503 -7.383365152778147
-62.69717318951367 -6.870152131228709
-64.75831714011231 -8.688943029301491
-66.81946109071094 -9.397722857591992
-68.8806050413096 -7.449302897250133
-70.94174899190823 -6.801752528549177
-73.00289294250686 -7.491650703105446
-75.06403689310551 -7.994868755390567
-77.12518084370414 -8.270362664415579
-79.18632479430279 -7.834244432522869
-81.24746874490144 -7.64186202923315
-83.30861269550009 -8.13578628672938
-85.36975664609872 -7.317266531967262
-87.43090059669736 -8.034406337342862
-89.492044547296 -8.479497039182446
-91.55318849789464 -7.822593546711113
-93.61433244849329 -8.475665745048705
-95.67547639909192 -6.4046898486394275
-97.73662034969057 -7.375218607435578
-99.79776430028919 -8.456279501364092
-101.85890825088784 -8.184721710641806
-103.92005220148647 -8.770384616071752
-105.9811961520851 -8.43201863992257
-108.04234010268375 -6.347345410825423
-110.10348405328239 -9.245184861589003
-112.16462800388103 -8.597232881790042
-114.22577195447967 -8.661384639602003
-116.28691590507832 -7.803705827919184
-118.34805985567695 -7.309887405272533
-120.40920380627558 -7.393116898906473
-122.47034775687425 -8.332320771721424
-124.53149170747288 -8.234646222740212
-126.59263565807153 -7.534032393877361
-128.65377960867016 -8.752323539970432
-130.7149235592688 -7.850238425258095
-132.77606750986746 -8.495453219480707
-134.83721146046608 -8.82633522672916
-136.89835541106473 -8.374296151929082
-138.95949936166335 -7.967482913070551
-141.020643312262 -8.917286842988636
-143.08178726286067 -8.061590871631642
-145.1429312134593 -6.552734301011799
-147.20407516405794 -6.406830724199197
-149.26521911465656 -8.9005799334921
-151.3263630652552 -9.164851854898256
-153.38750701585386 -9.41562926230099
-155.4486509664525 -9.528489843157509
-157.50979491705112 -6.98680107399602
-159.57093886764977 -8.602409348896698
-161.6320828182484 -8.872043014542614
-163.69322676884707 -8.902954224188278
-165.7543707194457 -7.428568506155779
-167.81551467004434 -7.463895788712956
-169.87665862064296 -9.06007650884336
-171.93780257124163 -8.125464314869978
-173.99894652184025 -6.900085067434936
-176.0600904724389 -8.355364644285336
-178.12123442303752 -7.5070303844836985
-180.18237837363617 -9.640320672320547
-182.24352232423485 -8.701773972678676
-184.30466627483347 -8.435486632613243
-186.3658102254321 -8.94946242253095
-188.42695417603073 -8.61466798968553
-190.48809812662938 -6.862059503207492
-192.54924207722803 -8.932084085181707
-194.61038602782668 -8.149065288889503
-196.6715299784253 -8.03656367109642
-198.73267392902397 -7.571139245531925
-200.7938178796226 -6.808678433004128
-202.85496183022127 -9.296031556206941
-204.9161057808199 -8.137837006932827
-206.97724973141854 -8.770849384506507
-209.03839368201716 -7.178575678946186
-211.0995376326158 -8.22256834148963
-213.16068158321445 -7.168507769225697
-215.2218255338131 -9.045720334019936
-217.28296948441175 -10.21719004963105
-219.34411343501037 -7.933718295896494
-221.40525738560902 -10.135736570313554
-223.46640133620767 -7.976703086218726
-225.52754528680632 -7.229787043506901
-227.58868923740494 -8.855931814734511
-229.64983318800358 -9.058213836120458
-231.7109771386022 -7.902589418502805
-233.77212108920088 -7.216651622109993
-235.8332650397995 -8.445807938622877
-237.89440899039815 -7.235699843585879
-239.95555294099677 -7.421531517780988
-242.01669689159544 -7.944668795648404
-244.07784084219406 -7.769562644336694
-246.1389847927927 -9.00561674513941
-248.20012874339133 -8.049745157916199
-250.26127269398998 -7.273620746851446
-252.32241664458863 -7.056075920415481
-254.38356059518728 -8.053754110524793
-256.4447045457859 -5.582054774388623
-258.50584849638454 -6.642566744102778
-260.5669924469832 -7.121656148307508
-262.62813639758184 -6.1824979737450505
-264.68928034818043 -4.84226328850933
-266.75042429877914 -7.539609854234412
