# BEGINHEADER
# This file contains data from the SALSA 2m radio telescope.
# DATE=2023-11-13T16:35:0007
# GLON and GLAT given in degrees
# GLON=89.86802375728435
# GLAT=0.06385674637892597
# DATA in two columns below. Col. 1 is velocity relative to LSR [km/s]. Col. 2 is uncalibrated antenna temperature [K].
# ENDHEADER
266.6489135861602 -2.314622214990428
264.5877696355616 -4.110083142522653
262.5266256849629 -3.2567054084810305
260.4654817343643 -3.0974201681721327
258.40433778376564 -3.7953071875303133
256.343193833167 -3.311213345381781
254.28204988256834 -3.6595841732536973
252.2209059319697 -4.196302587815656
250.15976198137108 -2.7120454448009967
248.09861803077243 -2.502833983141661
246.0374740801738 -3.642846342392251
243.97633012957513 -1.559878386505253
241.9151861789765 -2.2586263719434867
239.85404222837786 -3.6241267369850463
237.79289827777924 -2.4642661507446832
235.7317543271806 -1.7271147533281401
233.67061037658192 -3.88264244347083
231.6094664259833 -3.32796124577876
229.54832247538465 -3.604974874516406
227.48717852478603 -2.939617148373764
225.42603457418736 -3.3296064229056412
223.36489062358874 -2.1739168885223514
221.3037466729901 -3.292066110819514
219.24260272239147 -3.871421138284617
217.18145877179282 -2.29856322828997
215.12031482119417 -4.576170722920244
213.05917087059552 -3.35323916420867
210.9980269199969 -3.577904357397832
208.93688296939825 -3.0141949963341235
206.87573901879964 -2.979304209635523
204.81459506820096 -3.7105098484056507
202.75345111760234 -4.662684748904498
200.6923071670037 -3.0424915572525695
198.63116321640507 -2.508221012029848
196.5700192658064 -2.587624299171922
194.50887531520775 -2.4910316230209197
192.4477313646091 -0.7984954375462208
190.38658741401045 -2.6896978727881784
188.32544346341183 -2.806397722811657
186.26429951281318 -3.5718044180993567
184.20315556221453 -2.3910366987484917
182.14201161161589 -3.7340604176038625
180.08086766101727 -4.4668870097358875
178.01972371041862 -2.8147260473991165
175.95857975982 -3.241967285959698
173.89743580922132 -4.625960780008323
171.8362918586227 -5.825057468272672
169.77514790802405 -3.628176939198924
167.71400395742543 -3.11215398418537
165.65286000682678 -4.191145961253403
163.59171605622814 -4.010843423848303
161.5305721056295 -4.120296669721115
159.46942815503087 -4.266852572303848
157.40828420443222 -4.110635646918216
155.34714025383354 -4.108649122444625
153.28599630323492 -3.7210396060593998
151.22485235263628 -4.042307700260356
149.16370840203766 -5.502605410292957
147.102564451439 -4.5134352016683845
145.04142050084036 -2.5281619012247036
142.9802765502417 -1.588505131723861
140.9191325996431 -2.2244064074155063
138.85798864904444 -4.276896225513819
136.79684469844582 -3.52258288722034
134.73570074784715 -6.090320259563741
132.67455679724853 -3.664101881825766
130.61341284664988 -3.351316624272463
128.55226889605123 -4.658639234065399
126.4911249454526 -5.131615830882429
124.42998099485396 -3.2834026597719848
122.36883704425532 -4.770385478695444
120.30769309365668 -5.653148435435539
118.24654914305803 -3.5402894397719744
116.1854051924594 -5.422207085401447
114.12426124186075 -3.90980009192049
112.06311729126212 -3.8795370637106923
110.00197334066348 -3.882194473607665
107.94082939006483 -3.4844263528850945
105.8796854394662 -4.098619183280734
103.81854148886755 -4.694005181804135
101.75739753826892 -6.440061923013657
99.69625358767026 -4.600089070438118
97.63510963707164 -4.847165171003011
95.57396568647299 -6.694255311117633
93.51282173587435 -6.134430059281067
91.45167778527572 -4.21763115452102
89.39053383467707 -4.66739877723411
87.32938988407844 -5.271501590505022
85.26824593347979 -4.610655158079507
83.20710198288116 -3.9005821891441306
81.14595803228251 -4.414388425688315
79.08481408168387 -5.2454928929889695
77.02367013108524 -3.9011910422567784
74.96252618048659 -6.098190805940373
72.90138222988796 -6.087510694223894
70.84023827928931 -4.627619165811792
68.77909432869068 -6.235314454852323
66.71795037809203 -4.890949646807433
64.6568064274934 -6.0927825139852105
62.595662476894745 -6.064557267561117
60.534518526296104 -2.7741514879376403
58.47337457569746 -2.50743669822431
56.41223062509883 -4.8032250031543535
54.35108667450019 -5.692887760866011
52.28994272390155 -5.482792675435868
50.2287987733029 -6.1831454987544605
48.16765482270425 -4.212971413124561
46.106510872105616 -3.0386128205575513
44.045366921506975 -5.0316710425242235
41.984222970908334 -6.08819340828366
39.92307902030969 -6.063342663676338
37.86193506971105 -5.360145662876657
35.80079111911241 -4.373432076167818
33.73964716851377 -4.726143420885075
31.67850321791513 -4.888794198415739
29.61735926731649 -5.163341339956628
27.556215316717847 -4.311977945983228
25.495071366119205 -2.3456148596913873
23.433927415520568 -1.6852788407043298
21.372783464921927 -0.48956094502767505
19.31163951432329 -1.498629317529858
17.250495563724645 1.4121809362549318
15.189351613126005 5.856362900670744
13.128207662527364 11.211597680440002
11.067063711928723 19.599090738199354
9.005919761330082 38.026230387301126
6.944775810731441 55.91917796953749
4.883631860132801 73.0422698649633
2.8224879095341593 77.10764552329078
0.7613439589355188 86.4376064119727
-1.2997999916631218 85.55802382634214
-3.360943942261763 79.82212382320733
-5.422087892860404 78.81939961096472
-7.483231843459045 80.73521113897132
-9.544375794057686 81.56645989234872
-11.605519744656325 80.6518699097053
-13.666663695254966 77.03656190140855
-15.727807645853606 69.50801992557258
-17.788951596452247 60.972006483284424
-19.850095547050888 54.82602967001481
-21.91123949764953 49.21128764713511
-23.97238344824817 40.30035217401525
-26.03352739884681 34.826443205901036
-28.094671349445452 31.98521750253668
-30.155815300044097 29.55718082195974
-32.21695925064274 33.40992361861834
-34.27810320124138 36.614596998382765
-36.33924715184001 40.019759473560214
-38.400391102438654 43.13686145049797
-40.461535053037295 45.76195567749774
-42.522679003635936 45.66871149875567
-44.58382295423458 45.59370376611655
-46.644966904833225 46.20695284549896
-48.70611085543187 47.795573673568406
-50.7672548060305 45.39621882806267
-52.82839875662914 45.526709346081155
-54.889542707227776 43.543774307065576
-56.95068665782642 41.17002292239698
-59.01183060842506 37.71292105494635
-61.0729745590237 41.414183036369906
-63.13411850962234 41.19780859984023
-65.19526246022099 41.96608136461917
-67.25640641081962 44.652909553956576
-69.31755036141827 47.16966130278895
-71.3786943120169 47.758758174517155
-73.43983826261555 47.77635089691027
-75.50098221321419 47.25734369994266
-77.56212616381282 48.631745627248364
-79.62327011441147 46.56938734811818
-81.6844140650101 42.52910572936404
-83.74555801560875 40.63049423831851
-85.80670196620738 36.698186358433304
-87.86784591680602 30.76498915423388
-89.92898986740467 29.37907247047955
-91.9901338180033 29.27931576394191
-94.05127776860196 29.033249879977834
-96.1124217192006 29.43294915503383
-98.17356566979925 27.762042283863103
-100.2347096203979 24.56037844459152
-102.29585357099653 20.531695888167267
-104.35699752159518 15.395114243067763
-106.41814147219381 11.733277668364023
-108.47928542279246 9.230227767364141
-110.54042937339109 6.644474859056487
-112.60157332398973 5.831059469352062
-114.66271727458837 4.459691394914511
-116.72386122518701 1.8075816356200127
-118.78500517578566 0.4103500088738235
-120.84614912638429 -0.23113437368134285
-122.90729307698292 -0.9604475176468749
-124.96843702758157 -2.8529203712071576
-127.0295809781802 -1.080755398011314
-129.09072492877885 -4.469613812098071
-131.1518688793775 -2.9094597778600453
-133.21301282997612 -3.9712595655904357
-135.2741567805748 -3.150329275780661
-137.33530073117342 -4.471295727552426
-139.39644468177207 -5.14139358641312
-141.4575886323707 -5.320845357678615
-143.51873258296933 -2.7643817011052696
-145.57987653356798 -4.256311687021282
-147.64102048416663 -6.247671565010015
-149.70216443476525 -4.245311740334645
-151.7633083853639 -4.870806153068393
-153.82445233596255 -3.7449056853847953
-155.8855962865612 -4.130650995535744
-157.94674023715984 -5.554239835225797
-160.00788418775846 -4.984525559604562
-162.0690281383571 -3.638062451900108
-164.13017208895573 -5.122183555996886
-166.1913160395544 -4.462956962969329
-168.25245999015303 -4.898299723066627
-170.31360394075168 -3.657199106000488
-172.3747478913503 -4.107532194937008
-174.43589184194897 -4.471822562237688
-176.4970357925476 -4.952717233192035
-178.55817974314624 -5.7702311868423966
-180.61932369374486 -5.037756632589522
-182.6804676443435 -5.4608164804677415
-184.74161159494216 -3.7862354424316838
-186.8027555455408 -2.922941609282797
-188.86389949613942 -4.12913513099893
-190.92504344673807 -2.6921466044163878
-192.98618739733672 -5.71075123617791
-195.04733134793537 -3.7809858385550696
-197.10847529853402 -3.252217076208618
-199.1696192491326 -4.932341726038394
-201.23076319973129 -6.179273079226421
-203.2919071503299 -5.2830916041196065
-205.35305110092855 -3.8950309528293716
-207.41419505152717 -4.927104846344737
-209.47533900212582 -4.7539073307186985
-211.53648295272447 -4.134355175298399
-213.59762690332312 -5.492934666207496
-215.65877085392174 -4.556161733743411
-217.71991480452039 -4.485884889501461
-219.781058755119 -4.421679392071891
-221.84220270571768 -2.927219420466102
-223.9033466563163 -4.5720321340790955
-225.96449060691495 -4.412896191739768
-228.02563455751357 -2.5749494216900954
-230.08677850811225 -4.407891364796138
-232.1479224587109 -4.635012182273294
-234.20906640930951 -4.813652353822246
-236.27021035990816 -2.3505414960827262
-238.33135431050678 -5.62391782374165
-240.39249826110546 -5.192294807042334
-242.45364221170408 -5.2334383984963395
-244.51478616230273 -4.840601542646076
-246.57593011290135 -3.436506252764198
-248.6370740635 -3.4742499429296876
-250.69821801409864 -4.819463639405127
-252.7593619646973 -4.045815613927479
-254.8205059152959 -3.8640525125787524
-256.88164986589453 -4.395002607550219
-258.94279381649324 -2.9195759854840047
