# BEGINHEADER
# This file contains data from the SALSA 2m radio telescope.
# DATE=2023-11-13T16:20:0049
# GLON and GLAT given in degrees
# GLON=29.95515931580582
# GLAT=0.24913195354975196
# DATA in two columns below. Col. 1 is velocity relative to LSR [km/s]. Col. 2 is uncalibrated antenna temperature [K].
# ENDHEADER
259.615373603168 -1.3740944636487635
257.55422965256935 -3.6816625627338966
255.4930857019707 -4.1361061422113785
253.43194175137208 -1.285184270109406
251.37079780077343 -3.2179243755752953
249.3096538501748 -2.5708967234408533
247.24850989957616 -1.4055129956180494
245.18736594897752 -2.5721471178332407
243.12622199837887 0.009233615858692288
241.06507804778025 -1.6743848050011299
239.0039340971816 -2.878052814973026
236.94279014658298 -1.1078892912966356
234.8816461959843 -0.4315586040768111
232.82050224538568 -2.173606690958257
230.75935829478703 -1.7053795960611562
228.69821434418841 0.33545760901234334
226.63707039358974 -1.2205998998651062
224.5759264429911 -0.04257053891379593
222.51478249239247 -1.051794533068062
220.45363854179382 -2.2477042365181665
218.3924945911952 -1.1615736588039176
216.33135064059653 -0.4572994446887259
214.2702066899979 -1.4629924207592555
212.20906273939926 -0.5985353593362517
210.14791878880064 -2.2794534181218973
208.086774838202 -0.016312988059716132
206.02563088760334 -0.396074768283115
203.9644869370047 -1.3913461229528763
201.90334298640607 -1.8102665207819781
199.84219903580743 -1.3314980480051042
197.7810550852088 -0.8876800203697592
195.71991113461013 -1.675098126744434
193.6587671840115 -0.98322474107807
191.59762323341286 -0.17888061708556083
189.53647928281424 -1.9609990527711316
187.47533533221556 -2.1763848594676563
185.41419138161692 -1.8058278310505802
183.3530474310183 -2.2285181812216783
181.29190348041965 -2.0931151793470626
179.23075952982103 -1.4103519593132785
177.16961557922235 -1.512423006222832
175.10847162862373 -3.0774618041947157
173.04732767802508 -1.7758181936564637
170.98618372742646 -2.6378516457880545
168.92503977682782 -1.1806423219938422
166.86389582622917 -1.354453356346117
164.80275187563052 -2.944569529010693
162.7416079250319 -2.2088552217271125
160.68046397443325 -1.4640395570002744
158.6193200238346 -4.108043696947035
156.55817607323596 -2.753054091333259
154.49703212263734 -2.389033101623089
152.4358881720387 -2.8839486858958825
150.37474422144007 -1.6824008408635442
148.3136002708414 -4.292448369764667
146.25245632024274 -2.687437778677793
144.19131236964412 -2.079738008994728
142.13016841904548 -2.751845119199276
140.06902446844686 -3.212911140143767
138.00788051784818 -3.8327148633017476
135.94673656724956 -1.8064967242950865
133.8855926166509 -3.252897858296244
131.8244486660523 -3.987803285409974
129.76330471545364 -1.7547874762063151
127.702160764855 -1.7989133997333457
125.64101681425635 -1.781256224748431
123.57987286365771 -2.7489432988921374
121.51872891305906 -3.526667774495419
119.45758496246043 0.9572769604379615
117.39644101186178 0.12374168038152634
115.33529706126315 1.30593731325501
113.27415311066451 4.521075457276114
111.21300916006587 7.278416149474937
109.15186520946723 11.648600310162186
107.09072125886858 15.889068755650491
105.02957730826995 20.011686304674765
102.9684333576713 22.534863515260575
100.90728940707267 24.806167381677707
98.84614545647402 30.329553321866157
96.78500150587537 31.176257909058954
94.72385755527674 31.85799035466769
92.6627136046781 34.65633467029832
90.60156965407944 35.1555244016243
88.5404257034808 34.683368831369236
86.47928175288216 36.43883562554311
84.41813780228352 36.93556628335946
82.35699385168488 36.9894622455562
80.29584990108624 39.70675839987802
78.23470595048761 37.02273269151961
76.17356199988896 36.85769969559551
74.11241804929033 35.081286998244956
72.05127409869168 34.16018594560919
69.99013014809304 35.55904029607005
67.9289861974944 32.10010105453203
65.86784224689576 31.97654856567642
63.806698296297114 29.915025125134274
61.74555434569847 31.147940950000287
59.68441039509984 33.05372857490906
57.6232664445012 36.543858823593524
55.56212249390256 38.332069547095465
53.500978543303916 42.3724960171507
51.439834592705274 45.2089996771492
49.37869064210663 47.440546445394084
47.31754669150799 49.39603416250819
45.25640274090936 49.90087896465999
43.19525879031071 48.361762788980315
41.13411483971207 50.1533394155364
39.07297088911343 48.317533623414676
37.01182693851479 45.0077382620533
34.950682987916146 45.80763347489843
32.889539037317505 46.17347880571926
30.828395086718867 49.59582606741781
28.767251136120226 54.93826430217392
26.706107185521585 60.12438890480639
24.644963234922947 65.14303810626772
22.583819284324306 64.96804945727881
20.522675333725665 64.87809846348402
18.461531383127024 64.61216726389614
16.400387432528383 69.34794475696361
14.339243481929744 72.18782340788927
12.278099531331101 75.94301659601068
10.21695558073246 73.78429650449863
8.155811630133819 66.93770551455312
6.094667679535179 62.491465332387925
4.0335237289365375 62.85165961623301
1.972379778337897 60.4577651573411
-0.0887641722607438 53.02932930335176
-2.1499081228593844 36.48331724555116
-4.211052073458025 22.821235564348996
-6.272196024056666 16.792347416734348
-8.333339974655306 15.253551187787888
-10.394483925253947 12.77133416351667
-12.455627875852588 12.676337372871096
-14.516771826451228 14.265264859616686
-16.577915777049867 15.007632907765538
-18.63905972764851 17.517643019655498
-20.700203678247153 16.096934725709435
-22.76134762884579 17.443922197020306
-24.822491579444435 16.250813462952436
-26.883635530043072 17.06952873129333
-28.944779480641717 18.761048686661795
-31.005923431240358 21.555769578357545
-33.067067381839 21.616906701447423
-35.128211332437644 20.76790707790153
-37.18935528303628 22.104384926101517
-39.25049923363492 20.502508751631996
-41.31164318423356 19.140226419395148
-43.3727871348322 17.47294701664951
-45.43393108543084 16.292883368803707
-47.49507503602948 15.069638253436759
-49.556218986628124 13.018188859767873
-51.61736293722676 11.212991518425355
-53.67850688782541 7.834132490081244
-55.73965083842405 5.230811642323917
-57.80079478902269 2.0339595730114577
-59.86193873962133 -0.12490529683213862
-61.92308269021997 0.06891336370199563
-63.98422664081861 -1.286970457668015
-66.04537059141725 -3.2529330636988636
-68.1065145420159 -3.817902454445633
-70.16765849261454 -4.554378874031304
-72.22880244321317 -5.077106921632896
-74.28994639381182 -6.300991830767633
-76.35109034441045 -6.811919975674141
-78.4122342950091 -6.643416746396886
-80.47337824560773 -6.114696496621455
-82.53452219620638 -6.170973494841431
-84.59566614680502 -5.408160401507049
-86.65681009740365 -4.4230387206968516
-88.7179540480023 -6.241993987641839
-90.77909799860093 -5.688433556299295
-92.84024194919958 -6.1423354413308395
-94.90138589979821 -6.658783705822902
-96.96252985039686 -6.946067756350296
-99.0236738009955 -4.74297620673678
-101.08481775159414 -5.386589081062443
-103.14596170219278 -5.845801905625911
-105.20710565279143 -5.868865101088154
-107.26824960339006 -4.521776223740835
-109.3293935539887 -5.097914074537424
-111.39053750458734 -6.809852117577826
-113.45168145518598 -5.229925670218587
-115.51282540578462 -6.496374784521128
-117.57396935638326 -7.092846733364584
-119.6351133069819 -6.021873055440968
-121.69625725758054 -6.270345082452957
-123.75740120817918 -5.533178777606599
-125.81854515877782 -6.201151755149417
-127.87968910937646 -4.993242126528083
-129.94083305997512 -6.718028798110673
-132.00197701057377 -5.229189789740222
-134.0631209611724 -6.465134554341452
-136.12426491177104 -7.260004795299769
-138.18540886236966 -6.873761073660379
-140.2465528129683 -5.720065891018538
-142.30769676356695 -6.524493903641758
-144.3688407141656 -7.214854074863069
-146.42998466476422 -5.6047783567615435
-148.49112861536287 -6.234512153193809
-150.5522725659615 -6.60303707973774
-152.61341651656016 -7.211542904980665
-154.67456046715878 -5.528847722781143
-156.73570441775743 -5.58430887520312
-158.79684836835605 -5.644055944320305
-160.85799231895473 -6.424921811679794
-162.91913626955338 -6.5845815101931295
-164.980280220152 -5.554809136621378
-167.04142417075064 -5.348621607040131
-169.10256812134926 -5.349500974929042
-171.16371207194794 -7.25411654514283
-173.22485602254656 -7.0657779110943455
-175.2859999731452 -6.964125957289871
-177.34714392374383 -5.905718105109079
-179.40828787434248 -6.335836264343821
-181.46943182494113 -5.359029756395796
-183.53057577553977 -6.033765760292004
-185.5917197261384 -6.263303807447663
-187.65286367673704 -4.659925559710433
-189.71400762733566 -6.150071166338449
-191.77515157793434 -5.763959977232568
-193.83629552853296 -6.3541795987960015
-195.8974394791316 -6.480959106213302
-197.95858342973023 -4.772294636260594
-200.0197273803289 -5.1365341178767405
-202.08087133092755 -5.099208704220485
-204.14201528152617 -4.897473756666903
-206.20315923212482 -5.751011900973343
-208.26430318272344 -6.170608689717198
-210.32544713332211 -6.359250831012609
-212.38659108392073 -5.919025560695305
-214.44773503451938 -5.082034768079379
-216.508878985118 -5.123080526853933
-218.57002293571665 -5.405772418845681
-220.6311668863153 -5.580412772384476
-222.69231083691395 -5.417637904796052
-224.75345478751257 -8.226469090174113
-226.81459873811121 -6.171407177125164
-228.87574268870986 -5.9605819482871185
-230.9368866393085 -5.786986266355981
-232.99803058990713 -6.5601829290186355
-235.05917454050578 -6.255283859087604
-237.1203184911044 -5.61247637794396
-239.18146244170308 -6.162095746748617
-241.24260639230172 -4.033231912094097
-243.30375034290034 -4.070200427973041
-245.364894293499 -4.766507914371246
-247.4260382440976 -5.603708366308478
-249.4871821946963 -5.966421242354343
-251.5483261452949 -4.136151390171488
-253.60947009589356 -5.344130270334857
-255.67061404649218 -4.724162279771244
-257.7317579970908 -4.8202595264955255
-259.7929019476895 -4.267324456731542
-261.8540458982881 -4.704715199600069
-263.91518984888677 -5.148889658733261
-265.9763337994854 -4.822629979216751
