$SPEC_ID:
No sample description was entered.
$SPEC_REM:
DET# 1
DETDESC# KFLABB4 Easy-MCA-2k SN 16145346
AP# Maestro Version 6.08
$DATE_MEA:
05/03/2022 15:00:57
$MEAS_TIM:
1990 1997
$DATA:
0 2047
       0
       0
       0
       0
       0
       0
       0
      12
    1772
     669
     974
    1080
    1081
    1034
    1119
    1085
    1098
    1109
    1075
    1168
    1133
    1196
    1244
    1283
    1286
    1413
    1470
    1566
    1654
    1909
    1964
    1981
    2161
    2221
    2309
    2444
    2566
    2574
    2750
    2711
    2720
    2805
    3142
    3480
    3652
    3595
    3200
    2955
    2898
    3055
    3137
    3186
    3070
    2970
    2841
    2890
    2842
    2733
    2811
    2683
    2730
    2783
    2849
    2774
    2632
    2698
    2701
    2511
    2493
    2378
    2293
    2263
    2301
    2452
    2290
    2357
    2226
    2189
    2191
    2117
    2084
    2059
    2077
    2029
    2024
    1980
    1982
    1903
    1979
    1857
    1874
    1910
    1772
    1784
    1764
    1767
    1773
    1723
    1701
    1621
    1595
    1631
    1566
    1521
    1507
    1546
    1474
    1500
    1391
    1321
    1359
    1320
    1344
    1281
    1286
    1277
    1182
    1176
    1233
    1163
    1177
    1136
    1157
    1155
    1106
    1051
    1094
    1066
    1019
    1002
     964
     980
     941
     974
     922
     910
     950
     963
     920
     925
     845
     753
     862
     902
     938
     988
     839
     751
     720
     680
     685
     730
     744
     769
     718
     674
     636
     610
     642
     584
     611
     626
     578
     605
     599
     567
     538
     557
     564
     541
     500
     555
     501
     480
     527
     490
     467
     497
     511
     544
     500
     514
     494
     493
     449
     464
     418
     449
     412
     393
     446
     416
     372
     420
     415
     415
     394
     388
     429
     410
     535
     744
     762
     705
     416
     375
     347
     316
     334
     329
     332
     349
     403
     429
     429
     331
     305
     311
     258
     289
     277
     305
     284
     278
     301
     276
     275
     283
     246
     322
     323
     281
     293
     624
    1736
    1939
    1866
     522
     202
     187
     184
     174
     180
     197
     203
     172
     204
     193
     185
     191
     176
     178
     157
     174
     176
     167
     196
     160
     139
     135
     168
     160
     173
     171
     154
     145
     162
     147
     157
     154
     173
     147
     155
     146
     155
     123
     163
     145
     143
     150
     151
     166
     179
     151
     123
     122
     124
     127
     141
     146
     134
     142
     140
     135
     121
     108
     119
     116
     124
     118
     119
     139
     108
     132
     102
     113
      86
     121
     155
     179
     192
     141
     117
     115
     106
     100
     112
     111
     113
     112
      83
     107
      85
     110
     105
     106
     111
     112
      96
     105
      99
     113
      86
      94
     102
     101
      80
     100
     108
      94
     113
     103
      75
      93
      94
      80
      81
     101
      93
      82
      80
     103
     123
     164
     168
     124
      83
      78
      91
      74
      78
      84
      88
      71
      82
      65
      90
      92
     182
     203
     196
     105
      77
      72
      93
      63
      60
      79
      76
      77
      82
      89
      62
      65
      60
      63
      78
      75
      73
      76
      73
      68
      77
      61
      52
      64
      64
      65
      77
     171
     365
     379
     378
     135
      71
      62
      67
      61
      65
      74
      68
      50
      62
      60
      69
      63
      62
      70
      69
      64
      62
      67
      49
      66
      59
      56
      66
      63
      55
      56
      73
      57
      69
      58
      46
      53
      60
      65
      59
      80
      65
      69
      75
      61
      48
      47
      63
      68
      52
      67
      64
      73
      48
      57
      48
      64
      48
      57
      44
      60
      44
      65
      53
      54
      57
      60
      59
      54
      58
      57
      36
      57
      58
      56
      44
      51
      61
      39
      49
      42
      61
      56
      54
      44
      49
      50
      59
      49
      52
      47
      52
      47
      33
      41
      57
      43
      44
      47
      37
      35
      51
      50
      55
      45
      47
      55
      44
      45
      42
      42
      57
      44
      41
      47
      42
      48
      36
      43
      53
      44
      42
      42
      54
      39
      35
      52
      39
      39
      35
      38
      45
      38
      35
      41
      43
      47
      47
      39
      36
      42
      46
      48
      43
      37
      41
      40
      38
      47
      37
      41
      38
      80
      99
     108
      63
      39
      34
      41
      32
      38
      38
      30
      45
      35
      42
      39
      65
      36
      29
      41
      43
      42
      35
      41
      36
      38
      38
      41
      52
      41
      32
      33
      41
      41
      58
      46
      70
      75
      81
      60
      35
      33
      37
      35
      33
      39
      31
      32
      32
      38
      35
      37
      41
      30
      32
      40
      42
      37
      38
      40
      34
      41
      31
      33
      29
      43
      36
      35
      23
      34
      41
      33
      39
      37
      33
      33
      30
      36
      32
      33
      30
      43
      23
      36
      34
      34
      37
      32
      33
      26
      32
      20
      31
      37
      37
      34
      27
      34
      37
      30
      33
      27
      27
      41
      34
      25
      26
      33
      26
      28
      30
      24
      39
      21
      43
      30
      31
      36
      26
      32
      27
      25
      28
      29
      33
      37
      23
      31
      49
      53
      68
      59
      51
      23
      33
      25
      30
      39
      32
      34
      26
      40
      26
      34
      40
      38
      18
      28
      34
      23
      33
      36
      29
      28
      38
      30
      47
      39
      32
      32
      28
      34
      21
      31
      54
      30
      23
      43
      29
      39
      33
      35
      36
      36
      34
      36
      26
      33
      35
      33
      33
      31
      37
      30
      33
      33
      34
      35
      34
      38
      25
      37
      44
      33
      27
      35
      34
      40
      26
      29
      44
      40
      39
      33
      30
      43
      28
      26
      19
      24
      18
      31
      32
      25
      24
      23
      17
      26
      23
      27
      21
      23
      12
      31
      24
      27
      26
      21
      21
      23
      28
      22
      23
      19
      25
      24
      20
      24
      17
      22
      19
      13
      23
      19
      16
      20
      20
      22
      19
      17
      23
      16
      15
      23
      13
      18
      12
      16
      19
      25
      20
      16
      20
      15
      13
      19
      18
      11
      15
      15
      22
       9
      14
      19
      14
      12
      18
      14
      14
      10
      17
      16
      20
      10
      17
      16
      18
      17
      22
      14
      17
      18
      12
      17
      11
      17
       8
      12
      15
      21
      19
      11
      17
      12
      14
      15
      18
      15
      17
       8
       8
      10
      11
       9
      19
      13
      11
      14
      12
      11
      15
      10
       8
      22
       9
      15
      11
      16
      10
      12
       8
      13
      14
      12
      10
      27
     102
     276
     299
     312
      73
      13
       5
       7
      10
       7
       2
      10
       9
      10
       6
      12
       8
       9
       4
       5
       9
       5
      11
      12
      13
      11
      10
      14
      13
       9
      14
      14
      19
       9
      13
      10
      10
       9
       5
       8
      10
      14
       4
      10
       3
       7
      13
       7
       7
      11
      14
      16
      15
       7
       5
       6
       5
       8
       3
       5
       9
       4
       9
       3
       5
       3
       8
      10
       9
       6
       4
      12
      11
       8
       8
       8
       6
       6
       9
      15
      19
      19
      22
      17
      18
       8
       6
      11
       4
       4
       6
       5
       6
       5
       7
       9
       6
       7
       2
       7
      12
      15
      10
      12
       8
       9
       9
       9
       9
       5
      14
      10
       4
       5
       4
      12
      10
       6
      11
       4
       2
       4
       7
       2
      13
       9
       7
       9
       7
       3
       5
       8
       3
       4
       4
      10
      11
      10
       9
       6
      10
       4
       5
       6
       6
       5
       6
       8
       2
      10
       4
       9
      10
       3
       8
       9
      10
       7
       6
       4
       7
       5
       4
       9
       7
       6
      11
      18
      11
      11
       6
      11
      11
       5
       2
       7
       6
       6
       8
       4
      11
       7
       5
       4
       7
       3
       5
      27
      31
      33
      32
       6
       5
       4
       4
       8
       6
       9
       7
       7
       6
       2
       5
       3
       2
       8
       6
       5
       7
       5
       2
       5
       3
       4
       7
       3
       7
       6
       7
       9
       7
       6
       5
       5
      12
       8
       4
       5
       3
       6
       4
       8
      10
       6
      12
       8
       6
       8
       8
       9
       4
      11
       6
       7
       9
       7
       5
       8
       3
       7
      12
       8
      10
       3
       1
      10
       9
       5
       8
       4
       4
       9
       8
       5
       4
       4
       9
       6
       7
       9
       2
       6
       9
       5
       9
       6
       6
      11
       4
       6
       3
      10
       6
       3
       1
       9
       8
       4
       6
       2
       7
       5
       5
       7
      14
       7
       7
       3
       7
      12
       6
       2
       8
       6
       3
       6
      14
      11
       6
       4
       9
       5
       7
       6
       1
       3
       1
       7
       6
       4
       4
       7
       4
       8
       4
       6
       6
       2
       9
       7
       6
       1
       5
      10
       9
       5
       8
       8
      10
       5
       4
       2
       2
       4
       6
       2
       3
       5
       8
       4
       4
       7
       6
       4
       3
       6
       3
       5
       7
       3
       7
       5
       5
       4
       7
       3
       2
       4
       7
       4
       2
       3
       8
       7
       3
       8
       8
       8
       8
       8
       6
       7
       4
       4
       6
       5
       4
       7
       3
       6
       5
       6
       2
       3
       2
       2
      13
       9
      11
       4
       4
       6
       8
       4
       3
       4
       5
       5
       3
       3
       2
       4
       2
       2
       7
       3
       8
       4
       7
       1
       6
       3
       4
       2
       2
       2
       5
       4
       3
       2
       4
       7
       2
       2
       3
       5
       6
       4
       6
       4
       2
       8
       2
       6
       3
       1
       4
       2
       5
       4
       4
       3
       6
       6
       7
       6
       4
       6
       6
      14
      22
      10
       4
       4
       4
       4
       1
       1
       3
       8
       9
      30
      34
      20
       9
       6
       4
       3
       3
       2
       4
       7
       3
       6
       2
       3
       3
       7
       2
       6
       3
       0
       2
       4
       3
       3
       6
       3
       3
       4
       4
       3
       3
       1
       2
       2
       4
       7
       2
       4
       3
       3
       1
       4
       5
       2
       4
       3
       4
       4
       4
       4
       4
       8
       2
       2
       3
       3
       5
       5
       3
       0
       1
       4
       3
       3
       5
       5
       3
       5
       8
       4
       3
       7
       5
       3
       2
       2
       1
       1
       4
       2
       5
       8
       7
       2
       3
       7
       7
       5
       2
       4
       2
       6
       5
       2
       5
       6
       5
       2
       3
       2
       5
       4
       4
       3
       6
       2
       6
       3
       2
       3
       2
       3
       3
       3
       3
       2
       3
       3
       3
       2
       1
       4
       3
       1
       2
       0
       2
       3
       1
       3
       4
       2
       3
       1
       2
       2
       5
       6
      10
       4
       5
       2
       5
       2
       2
       0
       3
       1
       3
       0
       7
       1
       4
       0
       0
       2
       1
       2
       1
       2
       1
       2
       1
       1
       2
       1
       3
       1
       2
       1
       2
       0
       2
       3
       2
       0
       2
       0
       1
       0
       3
       1
       2
       1
       1
       3
       2
       1
       2
       0
       2
       1
       2
       0
       2
       0
       0
       1
       0
       0
       1
       0
       2
       3
       0
       1
       0
       2
       0
       0
       1
       1
       2
       2
       3
       0
       1
       1
       0
       1
       0
       0
       1
       1
       2
       0
       1
       2
       0
       0
       2
       1
       0
       0
       4
       2
       1
       0
       1
       5
      10
      35
      51
      70
      48
       8
       1
       2
       1
       2
       0
       1
       0
       1
       1
       0
       0
       0
       1
       0
       0
       1
       0
       0
       0
       0
       0
       0
       0
       0
       0
       1
       1
       1
       2
       0
       1
       1
       0
       3
       0
       0
       0
       0
       1
       1
       0
       0
       0
       0
       0
       2
       0
       2
       2
       0
       0
       1
       0
       0
       1
       3
       1
       0
       1
       1
       2
       0
       0
       0
       0
       0
       0
       0
       1
       1
       1
       0
       0
       1
       2
       0
       0
       0
       1
       2
       1
       0
       0
       2
       0
       0
       0
       1
       0
       0
       0
       0
       1
       2
       1
       0
       1
       1
       0
       0
       0
       1
       0
       0
       0
       0
       1
       0
       0
       0
       0
       0
       0
       0
       0
       1
       1
       0
       1
       0
       0
       0
       0
       0
       0
       1
       0
       0
       0
       0
       1
       0
       1
       0
       0
       1
       0
       0
       0
       0
       1
       0
       0
       0
       0
       0
       2
       0
       1
       0
       1
       0
       0
       2
       1
       0
       1
       0
       0
       0
       1
       1
       0
       0
       1
       0
       1
       1
       1
       0
       1
       1
       0
       1
       1
       0
       0
       2
       0
       1
       1
       0
       0
       0
       0
       2
       1
       2
       1
       0
       0
       0
       2
       0
       0
       0
       0
       0
       0
       0
       2
       1
       0
       1
       0
       0
       1
       1
       0
       1
       0
       0
       0
       1
       0
       0
       0
       0
       0
       0
       0
       1
       0
       0
       1
       1
       1
       0
       0
       0
       0
       0
       0
       0
       0
       2
       0
       1
       0
       1
       0
       1
       1
       0
       0
       1
       0
       1
       1
       0
       1
       1
       1
       0
       1
       0
       0
       1
       0
       0
       0
       0
       0
       0
       0
       1
       0
       1
       1
       1
       0
       0
       0
       0
       1
       1
       0
       1
       1
       1
       1
       0
       0
       1
       0
       0
       0
       1
       0
       0
       0
       0
       1
       1
       0
       1
       1
       1
       0
       1
       0
       1
       1
       0
       0
       1
       0
       1
       0
       1
       1
       0
       0
       1
       0
       0
       0
       0
       1
       0
       0
       0
       0
       0
       1
       0
       0
       0
       1
       0
       0
       0
       0
       0
       0
       0
       0
       1
       0
       0
       0
       3
       1
       0
       0
       0
       0
       0
       0
       1
       1
       0
       1
       0
       2
       1
       1
       0
       1
       0
       1
       0
       2
       1
       0
       1
       1
       0
       0
       0
       1
       0
       2
       0
       0
       0
       0
       0
       1
       0
       0
       0
       0
       0
       2
       0
       0
       0
       0
       0
       0
       1
       0
       2
       0
       1
       0
       1
       0
       0
       0
       0
       0
       0
       1
       0
       1
       1
       0
       2
       0
       0
       0
       0
       0
       0
       0
       0
       0
       0
       0
       0
       0
       0
       0
       0
       0
       0
       0
       0
       0
       0
       0
       0
       0
       0
       0
       0
       0
       0
       0
       0
       0
       0
$ROI:
0
$PRESETS:
None
0
0
$ENER_FIT:
7.189844 1.637316
$MCA_CAL:
3
7.189844E+000 1.637316E+000 0.000000E+000 keV
$SHAPE_CAL:
3
2.366086E+000 3.154886E-004 0.000000E+000
