$SPEC_ID:
No sample description was entered.
$SPEC_REM:
DET# 1
DETDESC# Easy-MCA 2k Ser:11231610
AP# Maestro Version 7.01
$DATE_MEA:
05/05/2023 12:53:58
$MEAS_TIM:
451 485
$DATA:
0 2047
       0
       0
       0
       0
       0
       0
       0
       0
       0
       0
       0
       0
       0
       0
       0
       0
       0
       0
       0
       0
       0
       0
       0
       0
       0
       0
       0
       0
       0
      14
    1814
   10897
    9715
    8859
    8758
    8404
    8284
    8127
    7660
    7656
    7337
    7506
    7586
    7408
    7607
    7625
    7864
    8083
    7999
    8296
    8823
    9754
   11195
   13017
   15765
   18661
   21469
   23285
   23559
   22727
   20850
   18597
   16491
   15373
   14499
   14082
   13639
   12974
   12122
   11012
    9913
    9158
    8709
    8216
    8158
    8241
    8112
    8135
    8274
    8305
    8392
    8502
    8647
    8944
    8999
    9199
    9168
    9493
    9334
    9466
    9732
    9677
    9938
    9983
   10055
    9956
   10326
   10418
   10197
   10448
   10518
   10485
   10594
   10689
   10771
   11016
   11027
   11109
   11058
   11060
   10959
   11286
   11245
   11242
   11395
   11388
   11622
   11487
   11851
   11715
   11832
   11626
   11973
   12121
   12197
   12513
   12620
   12979
   13227
   13361
   13733
   14038
   14045
   14725
   14809
   15360
   15509
   15773
   15675
   15771
   15866
   15895
   16331
   16385
   16220
   16040
   16070
   15840
   16132
   16045
   15648
   15744
   15848
   15663
   15776
   15466
   15418
   15406
   15369
   15583
   15147
   15026
   15080
   14907
   15064
   14856
   14925
   14776
   14647
   14592
   14370
   14423
   14349
   14191
   14259
   13904
   14141
   14027
   13771
   13741
   13494
   13733
   13610
   13623
   13345
   13408
   13394
   13087
   13187
   13129
   13136
   12851
   12833
   12818
   12835
   13007
   12604
   12648
   12865
   12657
   12780
   12527
   12610
   12706
   12443
   12476
   12310
   12404
   12426
   12426
   12587
   12163
   12210
   12394
   12176
   12032
   12142
   11876
   12173
   12086
   11908
   11959
   11902
   12092
   11791
   11772
   11737
   11751
   11667
   11682
   11842
   11867
   11697
   11634
   11522
   11633
   11239
   11487
   11375
   11517
   11360
   11329
   11354
   11338
   11393
   11212
   11058
   11032
   11296
   11263
   11121
   11074
   11264
   11177
   10964
   11076
   11024
   11022
   10835
   10938
   10986
   10855
   10928
   10900
   10886
   10704
   10670
   10891
   10686
   10829
   10649
   10718
   10698
   10593
   10734
   10554
   10707
   10822
   10688
   10630
   10544
   10523
   10580
   10701
   10503
   10622
   10456
   10404
   10627
   10529
   10622
   10492
   10657
   10441
   10646
   10509
   10387
   10414
   10459
   10373
   10419
   10404
   10373
   10382
   10350
   10101
   10134
   10074
   10125
   10101
    9943
    9697
    9594
    9486
    9476
    9059
    9163
    8949
    8791
    8523
    8377
    8176
    8071
    7850
    7677
    7368
    7271
    7067
    6931
    6651
    6631
    6325
    6196
    6179
    6038
    5845
    5748
    5610
    5511
    5433
    5241
    5351
    5216
    5010
    4959
    5022
    4932
    4807
    4655
    4662
    4677
    4648
    4629
    4534
    4378
    4430
    4382
    4173
    4224
    4114
    4099
    4099
    3985
    3976
    3942
    3964
    3865
    3871
    3727
    3899
    3756
    3662
    3699
    3599
    3716
    3435
    3559
    3501
    3530
    3406
    3403
    3317
    3261
    3385
    3271
    3368
    3192
    3259
    3267
    3256
    3229
    3151
    3114
    3055
    3150
    3171
    3081
    3062
    3096
    3199
    3128
    3155
    3217
    3226
    3327
    3526
    3512
    3574
    3741
    3688
    3908
    4240
    4378
    4636
    4958
    5402
    5781
    6188
    6730
    7400
    8172
    8693
    9476
   10471
   11626
   12706
   14320
   15627
   17005
   18880
   20261
   22400
   23924
   26408
   28339
   30504
   33196
   35428
   38035
   40664
   42806
   45286
   48032
   49923
   52256
   54024
   55474
   57382
   58541
   59596
   60381
   60821
   61371
   60991
   60333
   59516
   58582
   57206
   55213
   53368
   51238
   48942
   46708
   43719
   41358
   38581
   35638
   32763
   30056
   27735
   24869
   22495
   20113
   17959
   15805
   14222
   12181
   10719
    9273
    7960
    6883
    5942
    4899
    4304
    3481
    3076
    2728
    2280
    1807
    1563
    1315
    1176
     967
     839
     771
     650
     590
     511
     565
     468
     427
     410
     398
     385
     361
     342
     341
     353
     355
     325
     363
     337
     295
     325
     284
     324
     285
     301
     314
     316
     281
     308
     310
     276
     280
     275
     303
     303
     276
     259
     257
     244
     277
     258
     277
     269
     263
     289
     233
     266
     254
     265
     243
     257
     256
     228
     253
     268
     227
     252
     221
     262
     243
     236
     231
     239
     244
     274
     266
     267
     263
     256
     257
     238
     230
     244
     247
     251
     269
     252
     222
     284
     231
     228
     248
     246
     216
     230
     218
     227
     250
     232
     227
     247
     222
     228
     230
     222
     238
     239
     213
     221
     227
     224
     221
     229
     195
     235
     202
     203
     194
     218
     182
     201
     197
     194
     189
     224
     203
     209
     226
     214
     172
     188
     189
     213
     193
     204
     202
     156
     175
     167
     191
     192
     158
     169
     201
     177
     187
     142
     165
     139
     183
     155
     161
     161
     168
     197
     168
     171
     185
     149
     162
     137
     153
     168
     137
     138
     153
     154
     134
     154
     156
     126
     151
     127
     131
     137
     150
     131
     130
     144
     162
     136
     123
     116
     110
     157
     129
     139
     136
     127
     133
     144
     118
     110
     123
     124
     116
     111
     130
     123
     124
     136
     122
     110
     108
     154
     118
     124
     120
     113
     113
     136
     120
      98
     108
     130
     133
     118
     137
     104
     134
     122
      97
     123
      93
     108
     115
     106
      84
     104
      95
     109
     101
     102
      96
      86
      95
     114
     106
      97
     118
     100
     105
     105
     107
      94
      94
      97
      97
     104
      88
      65
     104
      85
      86
      75
      76
      87
      92
      85
      88
      97
      92
      91
      95
      85
      88
      92
      80
      80
      85
      82
      85
      78
      71
      84
      88
      70
      83
      62
      70
      88
      69
      75
      84
      77
      79
      69
      64
      66
      78
      53
      58
      55
      55
      72
      76
      76
      56
      59
      50
      56
      62
      92
      59
      53
      62
      71
      50
      69
      60
      69
      59
      58
      54
      56
      51
      54
      50
      46
      49
      48
      58
      57
      56
      60
      63
      51
      51
      54
      55
      58
      50
      52
      55
      50
      49
      51
      54
      58
      55
      56
      52
      58
      57
      53
      74
      57
      72
      60
      63
      70
      59
      44
      44
      61
      64
      51
      48
      53
      56
      60
      55
      59
      67
      60
      54
      74
      55
      59
      55
      53
      56
      56
      48
      58
      74
      66
      69
      57
      60
      65
      68
      66
      69
      80
      75
      62
      80
      73
      70
      97
      71
      77
      84
      83
      78
      73
      83
      70
      84
      91
      72
      74
      86
      78
      72
      65
      67
      73
      71
      62
      58
      75
      65
      67
      78
      50
      57
      60
      61
      66
      50
      56
      44
      48
      44
      41
      46
      46
      42
      38
      39
      42
      39
      32
      30
      27
      30
      24
      25
      19
      20
      21
      21
      16
      11
      15
      11
       8
      14
       5
      10
      14
       7
       9
       7
       4
      13
       4
       8
       9
       1
       7
       6
       4
       0
       3
      10
       0
       7
       7
       6
       1
       4
       4
       1
       0
       1
       4
       2
       2
       4
       3
       4
       3
       3
       3
       2
       2
       1
       4
       2
       4
       2
       4
       4
       8
       5
       1
       3
       6
       3
       1
       5
       2
       3
       4
       0
       0
       1
       3
       3
       1
       3
       2
       1
       0
       2
       3
       1
       4
       2
       2
       2
       1
       3
       2
       1
       1
       2
       1
       1
       2
       1
       0
       2
       1
       3
       1
       2
       2
       0
       0
       3
       1
       3
       2
       1
       2
       1
       1
       2
       0
       2
       1
       0
       1
       0
       0
       0
       1
       0
       1
       2
       0
       1
       2
       1
       1
       1
       0
       0
       1
       1
       0
       0
       3
       2
       2
       1
       2
       0
       0
       1
       2
       2
       0
       2
       0
       2
       2
       0
       0
       3
       0
       1
       3
       1
       2
       0
       1
       1
       1
       1
       2
       1
       1
       2
       0
       0
       0
       0
       0
       0
       0
       1
       1
       1
       1
       2
       0
       2
       2
       1
       2
       2
       0
       4
       1
       0
       1
       1
       0
       2
       0
       1
       1
       0
       1
       0
       0
       0
       1
       0
       1
       2
       0
       1
       1
       0
       1
       1
       2
       0
       1
       1
       0
       1
       1
       3
       0
       1
       0
       3
       0
       1
       1
       2
       1
       0
       0
       0
       1
       0
       0
       1
       0
       0
       1
       2
       1
       2
       1
       0
       1
       1
       3
       3
       1
       0
       0
       1
       2
       1
       1
       0
       0
       0
       1
       3
       0
       0
       0
       2
       1
       0
       0
       0
       0
       1
       1
       1
       1
       1
       1
       1
       0
       0
       2
       0
       0
       2
       1
       0
       0
       2
       0
       2
       1
       2
       1
       1
       1
       1
       0
       0
       0
       0
       0
       1
       0
       0
       0
       1
       0
       0
       0
       2
       0
       0
       0
       0
       0
       0
       0
       1
       0
       1
       0
       0
       1
       0
       1
       0
       0
       0
       0
       1
       2
       0
       0
       0
       1
       3
       1
       0
       0
       0
       0
       0
       1
       0
       0
       0
       0
       0
       0
       2
       0
       0
       0
       0
       1
       1
       0
       0
       0
       1
       0
       0
       0
       1
       0
       1
       0
       0
       1
       0
       1
       0
       0
       0
       1
       1
       0
       0
       1
       0
       1
       0
       0
       0
       0
       0
       0
       0
       0
       0
       2
       0
       0
       0
       0
       0
       0
       0
       0
       1
       0
       2
       0
       0
       0
       0
       0
       0
       0
       0
       0
       0
       0
       0
       0
       0
       0
       0
       0
       0
       1
       1
       0
       0
       0
       0
       1
       0
       1
       1
       0
       0
       1
       0
       0
       0
       0
       0
       1
       1
       0
       0
       2
       0
       2
       2
       0
       0
       0
       0
       0
       0
       0
       1
       0
       0
       0
       0
       1
       0
       0
       0
       1
       0
       0
       1
       0
       0
       0
       0
       0
       1
       0
       0
       0
       1
       0
       1
       0
       0
       1
       0
       1
       1
       1
       0
       0
       0
       1
       0
       0
       0
       0
       0
       0
       1
       0
       0
       0
       0
       3
       0
       0
       0
       0
       0
       0
       0
       0
       0
       0
       0
       0
       0
       0
       1
       0
       0
       0
       0
       0
       0
       0
       2
       0
       0
       0
       0
       0
       1
       0
       0
       0
       0
       0
       0
       1
       0
       0
       0
       1
       0
       2
       1
       0
       0
       0
       0
       0
       0
       0
       0
       0
       1
       1
       0
       0
       1
       0
       0
       0
       0
       0
       0
       1
       1
       1
       0
       0
       0
       0
       0
       0
       1
       0
       0
       0
       0
       0
       1
       0
       0
       0
       0
       0
       0
       0
       1
       1
       0
       1
       0
       1
       0
       0
       1
       0
       0
       0
       0
       0
       1
       0
       1
       0
       0
       1
       1
       0
       0
       0
       0
       0
       0
       0
       0
       0
       0
       1
       1
       0
       0
       0
       0
       0
       0
       1
       1
       0
       1
       0
       0
       0
       0
       1
       0
       0
       0
       0
       0
       1
       0
       0
       0
       0
       1
       0
       0
       0
       0
       0
       1
       0
       0
       0
       0
       0
       0
       2
       0
       1
       2
       1
       0
       0
       0
       0
       0
       0
       0
       0
       0
       0
       1
       0
       0
       0
       0
       0
       0
       0
       0
       0
       0
       1
       0
       0
       0
       0
       0
       0
       0
       1
       0
       0
       1
       1
       0
       0
       0
       1
       0
       0
       0
       0
       0
       0
       0
       0
       0
       0
       0
       0
       0
       0
       0
       0
       0
       0
       0
       0
       1
       0
       0
       0
       0
       0
       1
       0
       0
       0
       0
       0
       0
       0
       0
       0
       0
       0
       0
       0
       0
       2
       1
       0
       0
       0
       0
       1
       0
       0
       0
       0
       0
       0
       0
       0
       0
       0
       1
       2
       0
       0
       1
       1
       0
       0
       0
       0
       0
       1
       0
       0
       0
       0
       0
       0
       1
       1
       0
       0
       0
       0
       1
       0
       0
       2
       0
       0
       1
       0
       0
       0
       3
       0
       1
       0
       0
       0
       1
       0
       0
       0
       1
       0
       0
       0
       0
       0
       0
       0
       0
       1
       0
       0
       0
       1
       0
       0
       0
       1
       0
       0
       0
       0
       1
       1
       2
       0
       0
       0
       1
       0
       0
       0
       0
       0
       0
       0
       0
       0
       0
       0
       0
       0
       0
       0
       0
       0
       1
       0
       0
       0
       0
       0
       0
       1
       0
       0
       0
       0
       0
       0
       0
       0
       0
       0
       0
       0
       0
       0
       1
       0
       0
       0
       0
       0
       0
       1
       0
       0
       0
       0
       0
       0
       1
       0
       0
       0
       0
       0
       0
       0
       0
       0
       0
       0
       0
       0
       1
       0
       0
       0
       0
       0
       0
       0
       0
       0
       0
       0
       0
       0
       0
       1
       0
       1
       0
       0
       0
       0
       0
       0
       0
       0
       0
       0
       0
       0
       0
       0
       0
       0
       0
       0
       0
       0
       0
       0
       0
       0
       0
       0
       0
       0
       0
       0
       0
       0
       0
       0
       0
       0
       0
       0
       0
       0
       0
       0
       0
       1
       0
       0
       0
       0
       0
       0
       0
       0
       0
       0
       1
       0
       0
       0
       0
       0
       0
       0
       0
       0
       0
       0
       0
       0
       0
       0
       0
       0
       0
       0
       0
       0
       0
       0
       0
       0
       0
       0
       0
       0
       0
       0
       0
       0
       0
       0
       0
       0
       0
       0
       0
       0
       0
       0
       0
       0
       0
       0
       0
       0
       0
       0
       0
       0
       0
       0
       1
       0
       0
       0
       0
       0
       0
       0
       0
       0
       0
       0
       0
       0
       0
       0
       0
       0
       0
       0
       0
       0
       0
       0
       0
       0
       0
       0
       0
       0
       0
       0
       0
       0
       0
       0
       0
       0
       0
       0
       0
       0
       0
       0
       0
       0
       0
       0
       0
       0
       0
       0
       0
       0
       0
       0
       0
       0
       0
       0
       0
       0
       0
       0
       0
       0
       0
       0
       0
       0
       0
       0
       0
       0
       0
       0
       0
       0
       0
       0
       0
       0
       0
       0
       0
       0
       0
       0
       0
       0
       0
       0
       0
       0
       0
       0
       0
       0
       0
       0
$ROI:
0
$PRESETS:
None
0
0
$ENER_FIT:
-25.254362 1.549597
$MCA_CAL:
3
-2.525436E+001 1.549597E+000 0.000000E+000 keV
$SHAPE_CAL:
3
4.043517E+001 -6.689760E-004 0.000000E+000
