$SPEC_ID:
No sample description was entered.
$SPEC_REM:
DET# 1
DETDESC# KFLABB4 Easy-MCA-8k SN 09022236
AP# Maestro Version 6.08
$DATE_MEA:
05/05/2023 11:55:24
$MEAS_TIM:
4764 4823
$DATA:
0 8191
       0
       0
       0
       0
       0
       0
       0
       0
       1
       0
       0
       0
       1
       0
       0
       0
       0
       0
       0
       0
       0
       0
       0
       0
       0
      21
    3746
  108630
  654368
 1292263
 1185199
  533978
  125427
   19275
    3044
    1973
    2322
    2946
    3033
    3125
    3192
    3177
    2532
    1752
    1361
    1189
    2373
    3212
    1987
    1893
    1921
    1906
    2044
    2120
    2216
    2195
    2417
    2497
    2633
    2571
    2589
    2472
    2204
    1939
    1767
    1418
    1262
    1222
    1121
    1212
    1210
    1232
    1135
    1192
    1212
    1233
    1171
    1371
    1329
    1300
    1457
    1598
    1632
    1620
    1517
    1451
    1360
    1309
    1250
    1287
    1314
    1317
    1293
    1358
    1419
    1398
    1472
    1483
    1547
    1720
    1927
    2104
    2321
    2726
    3370
    4471
    6495
   10201
   14640
   17027
   16383
   12176
    7639
    4259
    2504
    1923
    1846
    2192
    2852
    3898
    5073
    5479
    5079
    3927
    2831
    2082
    1484
    1319
    1211
    1155
    1174
    1172
    1134
    1146
    1192
    1159
    1146
    1165
    1129
    1201
    1122
    1123
    1095
    1124
    1155
    1129
    1122
    1059
    1167
    1120
    1135
    1132
    1192
    1237
    1105
    1120
    1157
    1179
    1206
    1167
    1169
    1164
    1096
    1202
    1121
    1170
    1133
    1132
    1157
    1145
    1144
    1174
    1154
    1086
    1171
    1141
    1149
    1152
    1120
    1120
    1177
    1231
    1176
    1192
    1159
    1117
    1177
    1078
    1197
    1213
    1179
    1197
    1196
    1226
    1203
    1186
    1115
    1181
    1173
    1163
    1239
    1203
    1241
    1168
    1176
    1229
    1176
    1160
    1230
    1242
    1247
    1273
    1213
    1267
    1339
    1520
    1708
    1897
    1945
    1877
    1855
    2016
    2298
    2492
    2367
    2087
    1630
    1439
    1364
    1249
    1279
    1227
    1166
    1202
    1180
    1185
    1153
    1163
    1171
    1156
    1186
    1197
    1225
    1195
    1225
    1261
    1361
    1487
    1519
    1709
    1661
    1562
    1477
    1391
    1253
    1400
    1389
    1370
    1272
    1256
    1196
    1185
    1221
    1224
    1154
    1198
    1182
    1195
    1224
    1183
    1158
    1228
    1173
    1166
    1119
    1084
    1179
    1150
    1178
    1168
    1174
    1179
    1143
    1142
    1103
    1200
    1123
    1207
    1153
    1153
    1161
    1194
    1178
    1110
    1191
    1145
    1149
    1132
    1156
    1189
    1143
    1210
    1121
    1175
    1182
    1130
    1238
    1122
    1180
    1223
    1154
    1160
    1171
    1136
    1215
    1174
    1144
    1155
    1196
    1181
    1146
    1150
    1155
    1179
    1197
    1223
    1261
    1160
    1245
    1270
    1230
    1221
    1247
    1216
    1221
    1225
    1291
    1176
    1212
    1213
    1212
    1154
    1176
    1212
    1241
    1244
    1249
    1181
    1231
    1234
    1224
    1200
    1224
    1170
    1228
    1175
    1244
    1201
    1170
    1269
    1267
    1239
    1251
    1291
    1304
    1157
    1207
    1284
    1183
    1157
    1308
    1272
    1261
    1281
    1213
    1222
    1232
    1207
    1226
    1267
    1265
    1186
    1250
    1281
    1249
    1256
    1210
    1223
    1199
    1219
    1304
    1249
    1245
    1263
    1253
    1260
    1206
    1256
    1175
    1208
    1241
    1194
    1245
    1274
    1244
    1257
    1201
    1204
    1237
    1234
    1309
    1272
    1227
    1180
    1152
    1304
    1284
    1230
    1258
    1246
    1221
    1203
    1243
    1254
    1225
    1202
    1176
    1269
    1228
    1191
    1215
    1259
    1207
    1179
    1203
    1199
    1313
    1244
    1187
    1214
    1285
    1261
    1173
    1283
    1261
    1261
    1178
    1224
    1221
    1253
    1181
    1218
    1226
    1153
    1235
    1242
    1328
    1201
    1161
    1223
    1251
    1197
    1223
    1208
    1191
    1185
    1194
    1214
    1221
    1208
    1176
    1204
    1226
    1285
    1182
    1259
    1238
    1261
    1236
    1192
    1158
    1103
    1204
    1248
    1185
    1180
    1235
    1237
    1161
    1250
    1251
    1197
    1189
    1226
    1225
    1225
    1232
    1209
    1188
    1241
    1249
    1232
    1245
    1218
    1215
    1255
    1194
    1202
    1278
    1272
    1293
    1315
    1353
    1273
    1352
    1367
    1391
    1423
    1436
    1365
    1370
    1387
    1420
    1416
    1392
    1376
    1378
    1470
    1430
    1412
    1358
    1391
    1370
    1461
    1467
    1461
    1345
    1472
    1315
    1397
    1388
    1428
    1351
    1295
    1331
    1381
    1366
    1310
    1373
    1336
    1221
    1298
    1337
    1249
    1295
    1347
    1287
    1295
    1240
    1320
    1279
    1305
    1295
    1288
    1273
    1326
    1261
    1316
    1265
    1288
    1209
    1249
    1257
    1267
    1327
    1212
    1282
    1258
    1195
    1272
    1243
    1247
    1311
    1194
    1233
    1287
    1235
    1175
    1227
    1245
    1209
    1230
    1248
    1237
    1242
    1273
    1224
    1208
    1236
    1256
    1216
    1232
    1253
    1229
    1263
    1246
    1189
    1206
    1221
    1180
    1242
    1188
    1233
    1212
    1216
    1202
    1286
    1218
    1264
    1197
    1202
    1193
    1248
    1246
    1249
    1209
    1255
    1178
    1235
    1261
    1213
    1164
    1241
    1246
    1261
    1192
    1208
    1190
    1201
    1206
    1216
    1266
    1205
    1244
    1164
    1210
    1223
    1221
    1203
    1228
    1217
    1207
    1205
    1254
    1229
    1250
    1192
    1239
    1251
    1269
    1242
    1146
    1235
    1182
    1241
    1272
    1283
    1271
    1262
    1223
    1279
    1212
    1236
    1164
    1306
    1216
    1258
    1209
    1235
    1171
    1273
    1315
    1208
    1318
    1237
    1168
    1191
    1213
    1277
    1296
    1271
    1218
    1282
    1293
    1247
    1225
    1227
    1248
    1232
    1263
    1251
    1245
    1225
    1197
    1213
    1212
    1221
    1222
    1277
    1236
    1173
    1299
    1253
    1291
    1208
    1132
    1221
    1212
    1236
    1235
    1223
    1241
    1195
    1259
    1232
    1245
    1243
    1235
    1256
    1193
    1236
    1271
    1279
    1311
    1227
    1248
    1235
    1191
    1275
    1260
    1277
    1249
    1156
    1198
    1280
    1272
    1245
    1241
    1231
    1225
    1234
    1261
    1227
    1231
    1229
    1214
    1188
    1249
    1216
    1272
    1269
    1183
    1260
    1262
    1220
    1177
    1257
    1203
    1264
    1210
    1265
    1213
    1286
    1264
    1180
    1143
    1234
    1209
    1281
    1182
    1261
    1322
    1267
    1267
    1268
    1279
    1245
    1335
    1292
    1208
    1227
    1222
    1236
    1186
    1254
    1234
    1284
    1238
    1185
    1278
    1294
    1233
    1279
    1167
    1274
    1271
    1245
    1310
    1285
    1235
    1214
    1245
    1210
    1235
    1212
    1277
    1287
    1244
    1246
    1221
    1214
    1235
    1236
    1264
    1275
    1220
    1207
    1264
    1190
    1213
    1227
    1258
    1270
    1186
    1294
    1257
    1222
    1232
    1224
    1241
    1224
    1190
    1221
    1281
    1209
    1226
    1225
    1225
    1186
    1196
    1249
    1198
    1290
    1261
    1225
    1231
    1237
    1230
    1278
    1234
    1229
    1187
    1234
    1203
    1285
    1184
    1169
    1222
    1245
    1248
    1278
    1144
    1191
    1223
    1191
    1187
    1251
    1184
    1217
    1269
    1207
    1246
    1232
    1217
    1246
    1250
    1258
    1197
    1210
    1283
    1284
    1146
    1208
    1266
    1284
    1188
    1271
    1223
    1215
    1245
    1236
    1291
    1183
    1212
    1185
    1208
    1270
    1205
    1302
    1162
    1242
    1192
    1256
    1181
    1190
    1249
    1253
    1210
    1210
    1264
    1226
    1210
    1187
    1220
    1204
    1251
    1238
    1219
    1329
    1232
    1262
    1207
    1245
    1212
    1230
    1227
    1213
    1217
    1222
    1260
    1177
    1240
    1248
    1216
    1178
    1190
    1250
    1221
    1205
    1266
    1272
    1280
    1270
    1224
    1183
    1265
    1301
    1213
    1284
    1269
    1253
    1253
    1199
    1256
    1190
    1265
    1242
    1260
    1266
    1206
    1250
    1274
    1250
    1191
    1214
    1210
    1201
    1252
    1235
    1154
    1200
    1244
    1205
    1252
    1222
    1311
    1273
    1262
    1239
    1240
    1219
    1283
    1264
    1279
    1275
    1214
    1267
    1299
    1303
    1187
    1215
    1282
    1244
    1258
    1305
    1243
    1284
    1283
    1245
    1307
    1232
    1233
    1199
    1269
    1237
    1292
    1254
    1277
    1309
    1289
    1305
    1295
    1321
    1329
    1263
    1290
    1273
    1209
    1394
    1311
    1283
    1274
    1290
    1309
    1283
    1358
    1306
    1278
    1253
    1360
    1307
    1243
    1223
    1312
    1258
    1384
    1381
    1367
    1261
    1245
    1327
    1308
    1291
    1251
    1325
    1316
    1322
    1315
    1366
    1336
    1278
    1361
    1312
    1319
    1341
    1338
    1342
    1344
    1369
    1338
    1344
    1399
    1391
    1355
    1384
    1342
    1435
    1282
    1316
    1364
    1348
    1398
    1337
    1373
    1386
    1380
    1362
    1408
    1395
    1371
    1409
    1402
    1384
    1483
    1370
    1359
    1377
    1425
    1445
    1406
    1360
    1396
    1462
    1373
    1450
    1441
    1418
    1452
    1402
    1503
    1446
    1472
    1349
    1469
    1447
    1481
    1483
    1488
    1435
    1474
    1459
    1423
    1480
    1499
    1498
    1499
    1458
    1517
    1450
    1425
    1449
    1471
    1471
    1501
    1489
    1454
    1475
    1462
    1525
    1490
    1530
    1556
    1450
    1464
    1519
    1515
    1550
    1520
    1483
    1554
    1489
    1626
    1524
    1563
    1555
    1573
    1548
    1586
    1564
    1509
    1488
    1578
    1524
    1586
    1690
    1543
    1631
    1525
    1644
    1633
    1608
    1660
    1609
    1666
    1616
    1613
    1627
    1654
    1615
    1579
    1608
    1693
    1558
    1634
    1670
    1614
    1707
    1662
    1638
    1761
    1617
    1681
    1652
    1704
    1685
    1657
    1634
    1587
    1689
    1726
    1648
    1804
    1660
    1693
    1722
    1683
    1617
    1747
    1655
    1744
    1709
    1781
    1704
    1807
    1812
    1843
    1704
    1750
    1710
    1782
    1776
    1728
    1808
    1725
    1827
    1793
    1793
    1742
    1757
    1764
    1833
    1828
    1821
    1837
    1819
    1836
    1783
    1811
    1883
    1810
    1834
    1817
    1781
    1823
    1806
    1856
    1815
    1858
    1855
    1873
    1870
    1838
    1854
    1833
    1852
    1785
    1858
    1776
    1810
    1824
    1900
    1869
    1859
    1849
    1858
    1839
    1815
    1821
    1840
    1823
    1833
    1815
    1810
    1769
    1806
    1748
    1846
    1717
    1676
    1720
    1722
    1726
    1661
    1675
    1631
    1595
    1646
    1509
    1523
    1402
    1440
    1316
    1357
    1355
    1262
    1241
    1244
    1271
    1222
    1120
    1151
    1099
    1078
    1085
    1112
    1141
    1017
    1138
    1091
    1081
    1061
    1078
    1021
     959
     974
     964
    1035
     964
     939
     912
     990
     964
     845
     939
     945
     938
     936
     959
     910
     886
     879
     946
     859
     891
     890
     912
     860
     877
     874
     868
     875
     864
     830
     881
     852
     865
     856
     850
     881
     872
     874
     798
     853
     813
     791
     823
     782
     823
     779
     828
     802
     766
     824
     808
     785
     764
     815
     746
     710
     800
     748
     776
     785
     684
     739
     781
     735
     753
     748
     745
     767
     724
     704
     706
     658
     678
     707
     645
     645
     652
     708
     700
     663
     670
     698
     688
     617
     633
     632
     597
     548
     610
     632
     612
     669
     618
     634
     570
     583
     615
     639
     611
     581
     620
     596
     610
     581
     581
     577
     574
     501
     567
     565
     584
     578
     524
     544
     556
     520
     517
     492
     502
     511
     523
     514
     515
     537
     491
     474
     475
     504
     497
     526
     451
     438
     472
     471
     457
     469
     440
     456
     492
     478
     472
     474
     462
     434
     434
     427
     436
     456
     403
     393
     427
     423
     393
     392
     431
     429
     420
     420
     376
     411
     394
     362
     365
     365
     388
     378
     387
     391
     384
     359
     347
     350
     328
     359
     332
     312
     313
     345
     339
     314
     304
     309
     306
     337
     321
     285
     303
     304
     328
     307
     300
     304
     300
     292
     283
     296
     308
     298
     292
     319
     335
     328
     287
     282
     288
     262
     277
     262
     295
     292
     310
     254
     291
     236
     282
     269
     277
     260
     259
     275
     276
     274
     273
     257
     256
     285
     265
     227
     243
     281
     258
     226
     262
     246
     248
     253
     277
     255
     213
     260
     232
     255
     243
     248
     262
     241
     234
     246
     243
     235
     244
     259
     232
     264
     243
     242
     275
     244
     247
     255
     274
     281
     266
     235
     225
     265
     256
     227
     243
     240
     233
     252
     247
     209
     228
     222
     244
     237
     210
     189
     217
     236
     238
     234
     213
     219
     242
     220
     210
     212
     218
     216
     193
     214
     220
     200
     233
     224
     247
     217
     246
     236
     205
     212
     214
     223
     213
     220
     251
     230
     238
     212
     215
     197
     201
     228
     228
     215
     224
     231
     213
     240
     227
     231
     238
     256
     220
     239
     235
     227
     205
     252
     208
     195
     209
     217
     201
     220
     237
     202
     199
     222
     192
     206
     226
     223
     215
     207
     209
     232
     190
     216
     197
     202
     214
     208
     193
     208
     195
     219
     207
     213
     203
     213
     204
     234
     201
     205
     198
     216
     194
     206
     204
     174
     203
     205
     178
     187
     218
     196
     206
     183
     189
     214
     213
     188
     178
     186
     218
     196
     218
     173
     190
     210
     190
     195
     203
     189
     193
     197
     199
     183
     185
     207
     193
     188
     188
     210
     193
     195
     193
     196
     195
     166
     202
     191
     213
     205
     197
     215
     177
     182
     193
     182
     182
     186
     187
     199
     219
     192
     208
     186
     216
     222
     237
     214
     221
     218
     224
     187
     227
     204
     217
     225
     190
     191
     209
     194
     206
     200
     206
     230
     252
     326
     456
     916
    1755
    3742
    7986
   15766
   28913
   47016
   66438
   79996
   80786
   67194
   46702
   27053
   12814
    4998
    1669
     517
     134
      51
      26
      14
      15
      20
      16
      23
      21
      18
      12
      23
      20
      13
      14
      27
      16
      16
      19
      18
      19
      14
      15
      16
      14
      21
      21
      12
      11
      23
      18
      15
      11
      14
      11
      23
      19
      15
      14
      14
      18
      13
      21
      12
      13
      11
      12
      14
      12
      15
      10
      14
      14
      18
      16
      12
      15
      14
      11
      24
      16
      14
      23
      16
      28
      13
      14
      13
      13
       8
      12
      11
      17
      11
      15
      18
      19
      16
      20
      18
      18
      15
      21
      18
      18
      15
      18
      14
      22
      12
      15
      24
      12
      17
      12
      26
      27
       9
      15
      19
      12
      16
      18
      15
      20
      16
      17
      22
      11
      12
       9
      22
      21
      13
      15
      12
      14
      12
      12
      14
      15
      13
      14
      18
      10
      12
      10
      18
      13
      20
      18
       6
      14
      14
       7
      16
      18
      20
      16
       8
      16
      13
      11
      12
      16
      16
      13
      18
      13
      14
      12
      15
      16
      15
      19
      17
      13
      18
      12
       9
      19
      10
      18
      20
      16
      19
      14
      25
      17
      15
      19
      18
      20
      18
      15
      15
      18
      21
      12
      11
      16
      13
       7
       7
      11
      13
      12
      22
      21
      23
      11
      16
      18
      11
       9
      14
      10
      10
      22
       6
       9
      16
      10
      15
      13
      10
      15
      17
      18
       9
      15
      10
      11
      15
      16
      14
      21
      12
      10
      11
       9
      12
      15
      13
      13
      18
      16
       5
       9
      12
      14
      13
      11
      15
       7
      13
      15
      15
      15
      12
      13
      15
      14
       6
      13
      15
      12
      15
      10
       8
      19
       6
      12
      13
      15
      13
      11
      13
      20
      13
      12
      10
      12
      15
      16
      14
      16
      18
      12
      18
      15
      13
      23
      10
      14
      15
      17
      18
      10
      12
       5
      18
      14
      13
      15
      11
      15
       7
      15
      15
      11
      15
       8
       9
      15
      22
       7
      17
      13
       9
      11
      14
      15
       8
      14
      13
      17
      19
      14
      16
      13
       6
      19
      14
      18
      15
      11
      10
       9
      11
      19
      10
      13
      10
       6
      14
      25
      12
      14
      14
      11
      19
       8
      13
      17
      11
      13
      15
      13
      13
      13
      17
       8
      11
      20
       8
      15
      10
      16
      15
      10
      12
      14
       4
       8
      17
      15
      12
      14
      13
      11
      15
      10
      11
       8
      19
       8
      11
      17
      17
      12
      16
      12
      12
      12
       4
      14
      13
      11
      13
       7
      13
      11
      10
      15
      19
      19
      12
       6
      17
      11
      10
      15
      10
       8
       7
       6
       8
      16
      10
       6
      10
      13
      11
      15
      10
      15
       8
       9
      15
       6
       8
      18
       6
      12
      14
      13
      15
      13
       6
       9
      10
      11
      13
      12
      16
      10
      13
      14
      11
      12
      13
      12
       9
       9
      16
      15
       4
      11
      10
      13
      14
       6
      14
      15
      19
      11
      14
      12
       8
       8
      16
      17
      15
      15
      19
      12
       8
      11
      12
       9
      15
       6
       7
       4
      12
      10
      11
      13
      12
       8
       8
      12
       9
      19
      11
      16
       7
      12
       8
      15
      11
      14
       6
      11
      18
      10
       9
      13
       8
      12
      10
      15
       5
       7
       8
      11
      10
       8
       6
      13
      11
      12
       9
      14
       8
      11
      17
       6
      17
       7
      15
       5
       9
      12
      12
      20
      12
      10
      13
       8
       9
      13
      14
       9
      11
      11
      16
       8
       9
      10
      14
      16
      13
      15
      13
       8
      11
       8
      12
       9
      14
       7
      11
      11
       5
      15
      10
       9
       8
      11
       5
       3
      10
       8
      13
      11
      14
      10
       9
       9
       7
       7
       9
      12
      15
       9
       9
      10
       6
       7
      11
       5
      19
      13
      12
       9
       8
       7
      13
      12
      14
       8
       7
       9
      19
      15
       5
      11
      11
       9
      11
       5
      11
      15
       9
      15
       6
      12
       8
      14
       5
       7
      12
      19
      11
      14
       9
       7
      17
      13
      13
       8
      15
      12
      13
      12
       8
       9
      15
      10
      11
      13
       9
      12
       9
       8
      11
      15
      13
       4
      13
      18
       9
      10
       5
      13
      14
      10
      12
       8
       5
      10
      14
      18
       9
      13
      19
      17
      32
      17
      24
      34
      38
      26
      21
      12
      14
      11
       4
      11
      10
       7
      11
       6
       7
       5
       9
      17
       9
      14
       9
      17
       6
      11
      11
      11
      10
      10
       8
      11
       5
      12
      11
       6
      15
       8
       9
       6
      11
       9
       9
       9
      10
       7
       7
       7
       6
      11
       8
       9
       3
       8
       7
       7
      15
       9
       9
       5
      16
      15
      14
      11
      10
      17
      11
       8
      10
      10
      11
       6
       5
       7
       5
      10
       9
       5
       6
      10
      13
       9
      11
       6
      10
       9
       9
      10
       3
      10
       5
      14
       7
       5
      12
       7
       8
      11
      11
       8
       5
      14
       9
       7
      11
       9
      16
      13
       7
       7
      19
       7
       8
       9
      11
      11
      11
       2
      11
       4
      10
      13
      10
      10
       9
       8
       7
       5
      15
      10
       8
       7
      10
       6
      10
       7
       8
      11
       8
      15
       7
       8
      13
      15
      13
      13
      11
      15
       8
      12
      11
      15
      13
      27
      13
      15
      26
      16
      20
      10
      10
       5
      12
       6
       3
       9
      13
      10
       6
       5
       8
      10
       6
       7
      15
       4
      10
      12
       9
       9
       5
      12
      10
       7
       9
      10
       6
      11
      10
       7
      14
       9
      10
      11
       8
      13
       8
       7
      12
       8
       5
      10
       9
       8
      14
      10
      10
       8
       6
      13
       7
      11
      13
       5
       6
       9
       7
       8
       5
       9
      16
       5
       4
       3
       4
       6
      12
      15
       9
       8
      10
      13
       7
       9
       4
       4
      10
      10
       8
       7
      10
      10
      10
       5
       4
       5
       7
       6
      10
      10
      13
       9
       6
       6
       9
      12
       9
      11
       7
       6
       6
       9
       7
       6
      11
       6
       8
       8
       2
       5
       6
      19
       7
       9
       2
       7
      12
      11
       9
       8
      12
      12
       7
      11
      15
      10
       9
       9
       3
      12
      11
      11
       6
       9
       9
       7
       9
      11
       7
      10
       6
       7
      12
       5
      11
       9
      10
       7
      11
      11
       6
      10
      14
       9
      11
      10
      10
       6
      11
       6
       6
      12
       7
      12
       6
       6
       6
       4
       7
      12
      11
       8
       5
       7
       9
       9
       5
       8
       7
       9
       7
       1
       8
       9
      10
       9
       7
       6
       8
      13
      11
       7
      11
       5
       8
      10
      10
       7
       4
       8
       7
       8
      13
       7
      10
       9
       5
       7
      10
       7
       8
       6
       8
       5
      11
      10
       9
      15
       4
       6
       8
       5
       8
       4
      10
       7
       8
      14
      14
       7
      10
      10
       6
       9
       8
       6
       5
      13
       7
       7
       7
       5
      10
      19
      16
      10
      20
      20
      14
       8
      10
       7
      10
       9
       8
      10
       8
      13
       5
       9
       5
       5
       9
       6
      10
       7
       6
       5
       5
       7
       5
       2
      12
      10
      11
       7
       6
      10
       5
      11
       8
       9
       7
       8
       6
       7
       4
       9
       7
      12
      11
       9
       6
      13
       7
      10
       9
       4
       6
       8
       9
       9
       7
       6
      11
       6
       7
       8
       5
       8
      11
       7
      14
      13
       8
      11
       6
      12
       9
       8
       8
       6
       1
       4
       9
       6
       3
       3
       5
       9
       9
       3
       5
       5
       5
      11
       5
       5
      10
      11
       5
       6
      10
       9
       5
       7
       3
       6
       6
      13
       4
      11
       6
       8
       8
       9
      12
      11
       6
       7
       6
      12
       4
      11
       4
       9
       3
      10
       8
      11
       8
       4
      11
       7
       6
       7
       9
       5
       4
      11
       7
      13
      11
       4
       7
      10
       8
       8
       7
       5
       7
       7
       9
       9
      14
      14
      14
      14
      10
      12
       9
       7
      10
       5
       6
       7
       7
       2
       5
      10
       8
       8
       6
       7
       4
       4
       3
      10
       8
       7
       4
       8
      10
       7
       7
       6
       9
       7
       6
       2
       3
       6
       5
       7
       9
       8
       2
       3
      10
       7
       4
      13
       5
       3
       5
       6
       8
       3
      12
       7
       7
       7
       5
       8
       9
       7
       4
       8
       9
       7
       7
       4
       7
       7
      13
       3
       8
      11
      12
       8
       9
       7
       2
       6
       3
       5
       6
       5
       7
       7
      13
       3
       7
       7
      10
       6
       4
       9
      10
       7
       6
      13
       9
       7
       5
       6
      11
       5
       5
       6
       8
      11
       4
      15
       6
      14
      10
       6
      12
       6
       7
       4
       6
       6
      11
       6
      10
       9
      11
       3
       2
       6
       7
       9
       6
      10
       5
       9
       7
       9
      10
      10
      10
      14
       9
      12
      13
      11
      10
      10
       7
       6
       3
      10
       9
      14
       2
       5
      12
       4
       5
       7
       7
       8
       6
       7
      10
       4
      10
       9
      12
       4
       9
       3
      10
       3
       6
       5
       8
       9
       4
       7
       6
       8
      15
      11
      11
      10
       8
      14
       8
       5
       9
      11
       3
      13
       5
       5
       6
      10
       7
       4
       3
       8
      10
       9
       9
       5
       3
       5
       6
       7
       6
       7
       6
       5
       5
      10
       6
      11
       5
       9
       5
       8
      13
      12
      10
      14
      13
       1
       7
       9
       3
       6
      12
      11
       7
       1
       7
       6
       5
      16
       9
       7
       5
       5
       5
       6
      12
       9
       8
       5
       5
       6
       8
       3
      11
       6
       3
       8
       8
       7
       7
       7
       4
       7
       5
       4
      10
      11
       6
       9
       9
      12
       5
      10
       4
       8
       2
       8
       7
       9
       8
       6
       8
       5
       7
       8
       5
       8
       8
      10
      10
       8
       6
       8
       5
       7
      13
       6
       3
      10
       5
       5
      11
       8
      10
       7
      12
       4
       7
      10
       8
       9
       5
      11
      10
       9
      12
       8
      13
       8
       5
       6
      12
       8
       5
       8
       6
       7
       8
      11
       9
       4
       7
       5
       5
       6
       7
       7
       9
       6
       6
       6
       4
       5
       9
       2
       7
       8
       4
       5
       6
       7
       5
       8
       5
       6
       8
       7
       2
       3
       2
      10
       4
       4
       7
       2
       3
       3
       4
       9
       8
       5
       7
       4
       8
       6
       5
       7
      10
       5
       2
       4
      11
       6
       6
       7
       4
       5
       8
       6
       9
       6
       9
       4
       5
       5
       4
       4
       3
       5
       2
       2
       2
       6
       9
       2
       8
       8
       3
       6
       2
       6
       6
       7
       5
       3
       3
       4
       4
       7
       3
       9
       5
       5
       5
       3
       6
       6
       7
      17
       8
       8
       8
       2
       3
       4
       4
       3
      10
       4
       3
       2
       5
       2
       4
       6
       7
       4
       8
       4
       0
       0
       1
       3
       7
       4
      10
       2
       5
       6
       1
       9
       8
       4
       4
       6
       2
       3
       7
       1
       3
       3
       3
       5
       3
       6
       3
       6
       4
       0
       3
       5
       2
       8
       7
       6
       8
       5
       3
       5
       5
       3
       5
       2
       4
       5
       3
       3
       3
       4
       5
       1
       6
       8
       9
       6
       9
       5
       4
       3
       5
       4
       3
       4
       5
       8
       4
       3
       5
       4
       4
       6
       6
       3
       5
       3
       3
       3
       1
       6
       3
       2
       6
       5
       4
       6
       4
       8
       0
       4
       2
       5
       5
       2
       7
       5
       5
       4
       3
       0
       6
       4
       3
       4
       7
       9
       0
       2
       4
       2
       2
      10
       5
       5
       5
       5
       9
       1
       4
       1
       5
       4
       4
       5
       3
       4
       1
       2
       3
       0
       4
       5
       4
       5
       1
       6
       2
       4
       2
       8
       4
       7
       3
       8
       4
       7
       2
       5
       1
       4
       3
       1
       1
       6
       2
       4
       5
       2
       7
       3
       3
       3
       4
       4
       3
       4
       4
       6
       4
       3
       3
       6
       3
       2
       3
       4
       3
       4
       6
       4
       4
       3
       2
       5
       3
       2
       2
       2
       7
       4
       2
       3
       7
       3
       4
       2
       5
       2
       5
       4
       5
       4
       3
       3
       1
       3
       1
       1
       2
       4
       1
       2
       3
       3
       1
       5
       5
       2
       3
       5
       5
       3
       3
       5
       6
       3
       1
       6
       3
       2
       6
       3
       3
       6
       2
       5
       8
       2
       7
       2
       4
       3
       4
       5
       1
       2
       3
       2
       2
       2
       3
       3
       2
       3
       1
       5
       4
       2
       6
       2
       3
       2
       1
       3
       3
       2
       1
       2
       6
       3
       0
       3
       5
       1
       2
       3
       4
       3
       2
       5
       3
       7
       2
       1
       1
       7
       1
       3
       4
       0
       2
       2
       1
       1
       3
       2
       3
       3
       6
       2
       2
       6
       2
       4
       0
       2
       1
       3
       3
       5
       4
       6
       6
       4
       1
       5
       3
       3
       6
       1
       3
       1
       3
       0
       2
       2
       3
       2
       6
       3
       1
       1
       4
       3
       1
       4
       2
       4
       3
       1
       3
       3
       1
       1
       1
       7
       2
       7
       2
       3
       3
       4
       1
       5
       0
       0
       2
       2
       5
       1
       0
       4
       4
       2
       6
       2
       3
       4
       3
       6
       3
       2
       2
       6
       4
       2
       2
       3
       2
       2
       3
       4
       4
       1
       3
       3
       3
       2
       3
       5
       3
       3
       3
       4
       2
       1
       3
       3
       5
       3
       4
       5
       4
       4
       6
       6
       2
       4
       4
       3
       2
       1
       6
       1
       4
       1
       1
       3
       1
       3
       5
       4
       2
       1
       2
       2
       1
       3
       2
       4
       1
       0
       2
       2
       2
       3
       5
       3
       3
       2
       2
       2
       6
       5
       5
       8
      14
      21
      27
      54
      55
      65
      97
     106
     113
      95
      83
      63
      49
      30
      12
       9
       2
       0
       3
       0
       1
       4
       0
       1
       1
       2
       0
       1
       2
       1
       1
       2
       5
       1
       2
       2
       0
       0
       0
       0
       1
       1
       4
       2
       1
       0
       2
       2
       3
       1
       0
       2
       3
       5
       1
       2
       1
       1
       3
       1
       4
       2
       2
       0
       0
       1
       0
       3
       2
       0
       3
       1
       0
       2
       3
       2
       1
       2
       0
       3
       1
       1
       4
       2
       2
       0
       2
       0
       1
       0
       3
       4
       1
       6
       4
       1
       2
       2
       3
       2
       4
       4
       4
       1
       1
       4
       2
       3
       3
       7
       2
       1
       1
       6
       2
       2
       3
       2
       3
       3
       5
       4
       2
       1
       3
       2
       1
       2
       3
       2
       4
       3
       5
       5
       3
       4
       1
       3
       5
       4
       1
       1
       2
       2
       2
       0
       4
       2
       2
       3
       2
       2
       2
       3
       4
       2
       3
       2
       3
       1
       1
       1
       1
       3
       2
       1
       2
       2
       3
       2
       1
       3
       0
       2
       1
       1
       0
       1
       1
       2
       2
       1
       0
       1
       3
       0
       4
       1
       1
       5
       1
       0
       2
       0
       1
       2
       2
       4
       3
       2
       0
       2
       1
       1
       6
       1
       0
       2
       2
       3
       3
       2
       1
       3
       3
       1
       3
       0
       1
       1
       1
       2
       2
       2
       3
       0
       3
       2
       1
       4
       2
       3
       3
       5
       1
       3
       2
       1
       2
       4
       1
       1
       1
       1
       1
       1
       2
       1
       3
       2
       0
       0
       1
       1
       2
       1
       1
       0
       3
       5
       1
       2
       1
       0
       0
       2
       0
       3
       0
       0
       1
       2
       3
       1
       2
       4
       1
       2
       2
       1
       1
       1
       2
       1
       0
       4
       2
       0
       2
       1
       2
       0
       1
       1
       5
       3
       2
       3
       1
       1
       1
       1
       2
       0
       2
       1
       3
       1
       0
       2
       0
       2
       1
       1
       0
       1
       2
       1
       2
       0
       2
       1
       1
       2
       2
       2
       0
       1
       1
       3
       1
       2
       5
       3
       3
       3
       2
       2
       1
       4
       3
       4
       3
       4
       5
       0
       4
       1
       4
       1
       5
       4
       5
       8
       4
       6
       5
       4
       6
       7
       3
       4
       1
       3
       2
       1
       2
       0
       3
       1
       2
       1
       5
       3
       3
       1
       3
       0
       2
       2
       0
       3
       1
       1
       2
       1
       0
       3
       3
       1
       2
       1
       1
       0
       3
       0
       1
       4
       2
       2
       4
       1
       3
       1
       2
       1
       3
       1
       1
       0
       0
       1
       2
       1
       0
       0
       0
       2
       1
       1
       0
       4
       1
       4
       0
       2
       2
       5
       1
       1
       1
       3
       1
       1
       0
       1
       2
       0
       0
       3
       1
       1
       0
       1
       3
       2
       3
       2
       2
       0
       1
       2
       2
       2
       3
       3
       4
       2
       5
       3
       2
       3
       1
       1
       1
       0
       1
       1
       1
       3
       2
       2
       1
       2
       1
       2
       0
       0
       3
       1
       3
       2
       0
       1
       0
       0
       1
       2
       1
       1
       2
       2
       0
       1
       1
       2
       3
       1
       1
       2
       3
       1
       2
       2
       0
       1
       1
       0
       1
       1
       1
       2
       0
       1
       2
       1
       0
       0
       1
       1
       1
       0
       2
       3
       0
       0
       2
       0
       4
       1
       2
       2
       2
       1
       0
       2
       2
       2
       1
       2
       3
       3
       2
       0
       0
       3
       2
       1
       1
       2
       0
       1
       1
       0
       2
       1
       2
       3
       1
       1
       2
       1
       2
       0
       0
       1
       0
       1
       3
       2
       0
       0
       2
       1
       2
       2
       1
       1
       2
       1
       1
       0
       2
       1
       0
       2
       0
       0
       2
       1
       0
       0
       0
       2
       2
       4
       2
       1
       1
       0
       0
       0
       0
       2
       0
       0
       2
       0
       0
       1
       1
       0
       4
       2
       2
       0
       1
       0
       0
       5
       2
       2
       4
       1
       1
       3
       0
       0
       2
       3
       3
       0
       1
       0
       2
       1
       3
       0
       1
       1
       0
       2
       3
       1
       1
       3
       1
       2
       3
       2
       0
       3
       0
       2
       0
       2
       0
       0
       3
       0
       0
       0
       1
       0
       3
       3
       1
       3
       4
       0
       2
       1
       0
       0
       0
       1
       1
       0
       1
       2
       0
       0
       0
       1
       3
       0
       1
       1
       0
       1
       3
       1
       2
       0
       1
       1
       0
       1
       1
       2
       1
       0
       0
       0
       0
       3
       0
       1
       2
       2
       1
       1
       4
       0
       4
       2
       1
       4
       5
       5
       3
       1
       2
       2
       1
       0
       1
       0
       0
       1
       1
       0
       1
       0
       0
       0
       0
       3
       0
       2
       5
       2
       0
       0
       4
       1
       2
       1
       1
       1
       1
       0
       3
       1
       1
       1
       1
       0
       0
       1
       4
       2
       1
       2
       4
       0
       2
       0
       0
       0
       0
       0
       1
       1
       1
       1
       0
       1
       1
       0
       1
       1
       0
       0
       0
       2
       0
       1
       0
       2
       0
       1
       1
       0
       2
       1
       4
       0
       3
       0
       2
       2
       0
       1
       2
       9
       6
       4
      15
       6
      12
      13
      10
      12
      14
       7
       4
       3
       4
       4
       1
       2
       0
       1
       1
       1
       0
       0
       3
       2
       1
       0
       0
       0
       0
       2
       0
       0
       1
       0
       2
       1
       4
       1
       0
       3
       1
       3
       3
       1
       1
       3
       1
       0
       0
       2
       0
       0
       0
       3
       0
       1
       2
       3
       2
       0
       1
       3
       2
       0
       0
       0
       1
       0
       2
       1
       0
       2
       1
       2
       0
       0
       2
       2
       3
       2
       1
       2
       0
       0
       1
       0
       0
       0
       1
       0
       1
       2
       1
       0
       0
       0
       2
       0
       1
       1
       0
       0
       3
       1
       1
       3
       2
       1
       1
       0
       1
       3
       0
       0
       2
       3
       0
       1
       0
       0
       1
       1
       0
       1
       3
       2
       0
       2
       2
       0
       4
       0
       1
       3
       1
       1
       3
       0
       2
       0
       1
       1
       0
       2
       0
       0
       0
       2
       0
       0
       2
       1
       0
       1
       1
       1
       1
       1
       0
       2
       0
       0
       0
       1
       0
       1
       1
       1
       3
       0
       2
       0
       2
       2
       2
       1
       1
       0
       0
       0
       3
       1
       2
       3
       0
       1
       0
       1
       0
       1
       2
       1
       0
       2
       3
       2
       2
       2
       1
       0
       1
       1
       1
       1
       1
       1
       0
       1
       2
       0
       1
       2
       1
       1
       2
       2
       0
       0
       2
       1
       1
       1
       2
       2
       2
       2
       0
       3
       2
       4
       1
       2
       3
       0
       0
       1
       0
       1
       2
       1
       0
       2
       1
       1
       1
       3
       0
       2
       1
       3
       1
       0
       2
       4
       1
       0
       0
       1
       0
       0
       0
       1
       1
       0
       0
       1
       0
       0
       1
       1
       1
       1
       0
       2
       0
       0
       1
       2
       0
       0
       0
       2
       2
       2
       1
       0
       0
       1
       1
       3
       1
       0
       1
       2
       4
       1
       2
       1
       1
       1
       0
       2
       0
       1
       2
       2
       1
       1
       1
       1
       2
       0
       1
       1
       1
       1
       1
       0
       1
       2
       0
       0
       1
       2
       2
       0
       0
       1
       1
       0
       1
       2
       1
       2
       0
       0
       2
       1
       1
       1
       1
       2
       1
       1
       3
       1
       0
       1
       0
       1
       0
       1
       2
       0
       1
       0
       0
       2
       1
       1
       3
       0
       0
       0
       2
       2
       3
       0
       2
       1
       4
       1
       1
       1
       1
       0
       1
       1
       0
       2
       1
       3
       2
       2
       2
       2
       1
       0
       2
       1
       1
       1
       2
       0
       2
       0
       1
       2
       0
       3
       1
       1
       1
       3
       1
       2
       1
       1
       0
       2
       3
       1
       1
       3
       0
       1
       0
       0
       1
       1
       0
       2
       3
       2
       1
       3
       1
       1
       1
       0
       0
       2
       1
       1
       0
       0
       4
       1
       4
       3
       0
       1
       1
       1
       1
       3
       1
       3
       2
       0
       1
       3
       1
       2
       2
       0
       1
       1
       0
       2
       0
       1
       2
       2
       0
       1
       2
       0
       0
       0
       0
       0
       0
       1
       0
       1
       0
       0
       1
       1
       0
       2
       3
       0
       3
       1
       1
       3
       0
       0
       2
       1
       0
       2
       0
       0
       0
       0
       4
       0
       0
       2
       3
       1
       2
       2
       0
       3
       1
       0
       3
       1
       2
       2
       0
       0
       0
       2
       0
       1
       2
       1
       0
       1
       0
       0
       1
       2
       2
       2
       0
       1
       0
       2
       0
       1
       0
       0
       0
       0
       2
       1
       0
       1
       1
       0
       1
       0
       1
       0
       1
       0
       0
       1
       1
       1
       2
       1
       0
       2
       0
       1
       2
       2
       0
       0
       0
       1
       0
       0
       0
       0
       1
       0
       2
       1
       2
       1
       0
       0
       1
       1
       1
       1
       0
       0
       0
       2
       1
       1
       1
       1
       2
       0
       0
       0
       1
       0
       1
       0
       0
       2
       0
       0
       1
       1
       0
       1
       2
       1
       1
       1
       0
       1
       0
       0
       0
       0
       1
       2
       1
       0
       3
       2
       2
       0
       1
       1
       0
       2
       0
       1
       2
       1
       0
       1
       0
       0
       1
       0
       5
       1
       2
       1
       2
       0
       0
       1
       1
       1
       0
       2
       0
       1
       3
       2
       0
       1
       0
       1
       0
       0
       0
       2
       0
       2
       1
       1
       0
       1
       1
       1
       0
       0
       0
       1
       0
       0
       1
       0
       1
       1
       1
       0
       1
       1
       1
       1
       1
       0
       0
       2
       0
       1
       0
       1
       0
       0
       1
       1
       1
       0
       1
       2
       0
       0
       2
       0
       2
       0
       0
       1
       0
       0
       2
       2
       2
       3
       0
       0
       0
       0
       0
       1
       0
       2
       1
       1
       0
       2
       1
       1
       2
       1
       0
       0
       1
       0
       0
       0
       4
       0
       1
       1
       0
       0
       1
       1
       1
       0
       1
       1
       0
       0
       1
       1
       1
       1
       1
       1
       1
       1
       2
       1
       1
       2
       1
       0
       1
       1
       1
       1
       1
       0
       0
       1
       1
       0
       0
       1
       2
       4
       0
       0
       2
       3
       0
       1
       1
       0
       0
       0
       0
       1
       0
       1
       1
       2
       2
       0
       2
       1
       0
       1
       0
       0
       0
       0
       0
       0
       0
       1
       2
       2
       0
       0
       0
       0
       1
       0
       0
       1
       2
       0
       0
       0
       0
       1
       1
       1
       0
       0
       1
       0
       1
       1
       1
       0
       0
       3
       0
       0
       1
       1
       0
       0
       0
       2
       1
       2
       2
       0
       0
       0
       1
       1
       1
       1
       0
       0
       0
       0
       0
       2
       0
       1
       0
       1
       1
       2
       0
       0
       0
       0
       0
       0
       0
       2
       2
       1
       1
       0
       0
       1
       1
       0
       2
       1
       0
       0
       1
       1
       1
       6
       1
       1
       5
       0
       1
       2
       0
       3
       6
       2
       3
       4
       8
       2
       0
       1
       0
       3
       0
       1
       0
       0
       1
       2
       0
       0
       0
       0
       1
       1
       1
       2
       1
       1
       1
       2
       0
       2
       2
       0
       3
       0
       2
       0
       0
       3
       0
       0
       2
       1
       0
       1
       1
       3
       2
       0
       1
       0
       2
       1
       1
       1
       0
       0
       1
       0
       0
       1
       0
       0
       2
       1
       1
       0
       1
       2
       0
       0
       1
       0
       1
       1
       0
       1
       0
       0
       1
       0
       0
       0
       1
       1
       0
       1
       1
       0
       2
       1
       1
       0
       1
       0
       2
       0
       0
       1
       1
       1
       0
       1
       0
       1
       0
       0
       3
       0
       2
       2
       1
       1
       1
       0
       1
       0
       0
       0
       0
       0
       1
       0
       0
       0
       0
       1
       1
       0
       0
       0
       0
       1
       1
       0
       1
       0
       1
       0
       0
       1
       2
       2
       1
       0
       1
       1
       2
       0
       0
       1
       0
       0
       0
       1
       0
       1
       1
       1
       2
       0
       0
       0
       1
       0
       0
       0
       0
       2
       1
       0
       1
       0
       0
       1
       1
       1
       0
       1
       2
       1
       0
       0
       1
       3
       1
       1
       1
       1
       0
       0
       0
       0
       3
       0
       1
       0
       0
       0
       0
       1
       1
       1
       0
       0
       0
       1
       1
       0
       1
       1
       1
       1
       1
       0
       1
       0
       3
       0
       0
       1
       1
       1
       1
       3
       0
       1
       1
       1
       1
       1
       1
       1
       2
       1
       1
       2
       0
       0
       1
       3
       1
       1
       0
       0
       1
       1
       0
       0
       1
       0
       0
       1
       0
       1
       1
       0
       1
       1
       2
       3
       0
       3
       3
       4
       3
       3
       6
       4
       0
       3
       1
       1
       3
       1
       1
       3
       1
       2
       0
       1
       3
       1
       0
       2
       0
       1
       0
       1
       0
       0
       0
       0
       0
       1
       1
       1
       0
       0
       0
       1
       1
       2
       0
       4
       2
       0
       0
       0
       0
       1
       0
       0
       0
       0
       0
       1
       0
       0
       1
       0
       1
       1
       1
       1
       0
       1
       0
       1
       0
       1
       1
       1
       1
       0
       0
       1
       0
       1
       0
       0
       1
       1
       0
       1
       0
       0
       1
       0
       0
       0
       2
       3
       2
       0
       1
       0
       0
       2
       2
       2
       3
       1
       1
       0
       0
       0
       0
       1
       1
       0
       0
       1
       1
       0
       1
       0
       2
       2
       0
       0
       1
       1
       0
       0
       0
       1
       3
       0
       1
       1
       0
       1
       0
       1
       1
       0
       1
       0
       3
       0
       2
       2
       0
       0
       1
       3
       1
       1
       0
       0
       1
       1
       0
       1
       0
       1
       0
       1
       0
       1
       0
       1
       2
       2
       3
       2
       1
       1
       3
       3
       1
       0
       1
       0
       1
       0
       0
       3
       1
       2
       0
       2
       1
       0
       1
       1
       0
       3
       0
       0
       0
       2
       1
       1
       1
       1
       0
       0
       2
       1
       0
       1
       1
       1
       1
       1
       4
       1
       0
       1
       0
       0
       1
       2
       0
       1
       2
       0
       3
       0
       0
       2
       0
       1
       3
       1
       0
       2
       0
       0
       2
       0
       0
       2
       1
       5
       0
       1
       0
       2
       0
       4
       0
       0
       3
       1
       0
       3
       2
       2
       1
       1
       2
       2
       2
       0
       1
       2
       0
       0
       0
       2
       1
       1
       1
       1
       3
       0
       0
       1
       0
       1
       1
       0
       0
       0
       1
       0
       2
       1
       2
       0
       2
       2
       1
       1
       1
       0
       1
       0
       1
       0
       0
       2
       0
       1
       1
       1
       1
       1
       0
       1
       1
       0
       1
       1
       1
       0
       1
       0
       0
       3
       0
       0
       0
       1
       0
       2
       0
       1
       1
       1
       1
       1
       1
       1
       2
       1
       1
       0
       0
       0
       0
       0
       0
       1
       0
       0
       1
       1
       1
       2
       3
       2
       3
       1
       2
       2
       2
       0
       0
       1
       1
       0
       0
       2
       0
       0
       0
       2
       3
       3
       4
       1
       1
       1
       2
       1
       1
       0
       1
       0
       1
       0
       0
       2
       0
       4
       0
       2
       1
       3
       0
       1
       1
       1
       2
       0
       1
       0
       0
       0
       2
       1
       1
       0
       2
       2
       1
       2
       0
       0
       0
       1
       1
       1
       6
       0
       1
       0
       1
       0
       0
       1
       1
       2
       2
       0
       0
       0
       0
       3
       2
       1
       1
       0
       2
       0
       1
       1
       2
       0
       1
       1
       1
       1
       2
       0
       1
       0
       0
       0
       0
       1
       0
       0
       1
       0
       0
       1
       1
       1
       2
       2
       0
       0
       2
       0
       0
       0
       3
       2
       2
       0
       1
       3
       1
       0
       1
       0
       1
       0
       2
       2
       1
       0
       2
       0
       3
       1
       1
       1
       2
       0
       1
       1
       0
       1
       2
       0
       1
       0
       2
       1
       1
       1
       0
       2
       1
       1
       1
       2
       1
       1
       0
       0
       1
       0
       1
       0
       1
       0
       3
       0
       1
       1
       0
       0
       0
       0
       3
       1
       0
       0
       1
       0
       2
       0
       1
       0
       1
       1
       0
       0
       1
       0
       1
       1
       0
       0
       2
       1
       0
       0
       0
       0
       1
       0
       1
       0
       0
       0
       1
       0
       0
       0
       0
       0
       1
       0
       0
       0
       0
       0
       2
       2
       0
       1
       0
       0
       0
       0
       0
       0
       0
       0
       0
       0
       2
       1
       2
       0
       0
       0
       0
       0
       1
       0
       0
       1
       0
       1
       1
       1
       1
       0
       0
       0
       0
       0
       0
       0
       0
       0
       1
       1
       0
       0
       1
       1
       0
       0
       0
       1
       1
       0
       1
       0
       1
       0
       1
       1
       0
       0
       0
       1
       0
       0
       0
       0
       0
       1
       0
       1
       0
       1
       1
       0
       0
       1
       1
       1
       1
       0
       2
       2
       1
       3
       5
       3
       0
       2
       3
       1
       1
       0
       2
       0
       1
       0
       0
       1
       0
       2
       0
       0
       0
       0
       1
       1
       0
       0
       0
       0
       0
       0
       0
       0
       1
       1
       0
       0
       1
       0
       0
       0
       0
       1
       0
       1
       1
       0
       0
       0
       0
       1
       0
       0
       0
       1
       0
       0
       1
       1
       1
       0
       0
       1
       1
       0
       0
       0
       0
       0
       0
       1
       0
       0
       0
       0
       0
       0
       2
       0
       0
       0
       1
       0
       2
       0
       1
       0
       0
       0
       1
       0
       1
       0
       1
       0
       0
       0
       0
       0
       0
       1
       1
       0
       1
       3
       0
       0
       0
       0
       1
       2
       0
       0
       0
       0
       0
       0
       0
       1
       0
       0
       0
       1
       0
       0
       0
       1
       0
       1
       0
       0
       0
       1
       0
       0
       0
       0
       0
       0
       1
       1
       0
       1
       1
       0
       1
       1
       0
       0
       0
       0
       0
       0
       0
       0
       1
       1
       0
       0
       1
       0
       0
       1
       0
       0
       0
       0
       0
       0
       0
       1
       0
       0
       1
       1
       0
       0
       0
       0
       0
       0
       0
       0
       0
       0
       0
       0
       1
       2
       1
       0
       1
       0
       0
       2
       0
       1
       0
       0
       0
       0
       0
       0
       0
       1
       1
       0
       0
       0
       0
       0
       0
       0
       0
       0
       1
       1
       0
       1
       0
       0
       0
       0
       0
       0
       0
       0
       0
       0
       0
       0
       0
       1
       1
       0
       0
       0
       0
       0
       0
       0
       0
       0
       0
       0
       1
       2
       0
       0
       0
       0
       0
       0
       0
       0
       1
       0
       0
       0
       0
       0
       1
       0
       0
       0
       0
       0
       0
       0
       0
       0
       0
       1
       1
       0
       0
       0
       0
       0
       0
       0
       0
       0
       1
       0
       0
       0
       0
       0
       1
       0
       0
       0
       0
       0
       0
       0
       0
       0
       0
       0
       0
       0
       1
       0
       0
       1
       0
       0
       0
       0
       0
       0
       0
       0
       0
       0
       0
       0
       0
       0
       0
       0
       1
       1
       1
       0
       0
       0
       0
       0
       0
       0
       0
       0
       0
       0
       1
       0
       0
       0
       0
       0
       0
       0
       0
       2
       0
       0
       0
       0
       0
       0
       0
       0
       0
       0
       0
       0
       0
       0
       0
       0
       0
       1
       0
       0
       0
       0
       0
       0
       0
       2
       0
       0
       0
       0
       0
       1
       0
       0
       0
       0
       0
       0
       0
       0
       0
       0
       0
       0
       1
       0
       0
       0
       1
       0
       1
       0
       0
       2
       0
       0
       1
       0
       0
       0
       1
       0
       1
       0
       0
       0
       1
       0
       0
       0
       0
       0
       0
       0
       1
       1
       0
       1
       0
       0
       1
       0
       0
       0
       0
       3
       2
       4
       2
       2
       4
       6
       3
       9
      11
       4
      13
      11
      23
      16
      18
      26
      12
       8
       7
       2
       3
       1
       0
       1
       0
       0
       0
       0
       0
       0
       0
       0
       0
       0
       0
       0
       0
       0
       0
       0
       0
       0
       0
       0
       0
       0
       0
       0
       0
       0
       0
       0
       0
       0
       0
       0
       0
       0
       0
       0
       0
       0
       0
       0
       1
       0
       0
       0
       0
       0
       0
       0
       0
       0
       0
       0
       0
       0
       1
       0
       0
       0
       0
       0
       0
       0
       0
       0
       0
       0
       0
       1
       0
       0
       0
       0
       0
       0
       0
       0
       0
       0
       0
       0
       0
       0
       0
       0
       0
       0
       0
       0
       0
       0
       0
       0
       0
       0
       0
       0
       0
       0
       0
       0
       0
       0
       0
       0
       0
       0
       0
       0
       0
       0
       0
       0
       0
       0
       0
       0
       0
       0
       0
       0
       0
       0
       0
       0
       0
       1
       0
       0
       0
       0
       0
       0
       0
       0
       0
       0
       0
       0
       0
       0
       0
       0
       0
       0
       0
       0
       0
       0
       0
       0
       0
       0
       0
       0
       0
       0
       0
       0
       0
       0
       0
       0
       1
       0
       0
       0
       0
       1
       0
       0
       0
       0
       0
       0
       0
       0
       0
       0
       0
       0
       0
       0
       0
       0
       0
       0
       0
       0
       1
       0
       0
       0
       0
       0
       0
       0
       0
       0
       0
       1
       0
       0
       0
       0
       0
       0
       0
       0
       0
       0
       0
       0
       0
       0
       0
       0
       0
       0
       0
       0
       0
       0
       0
       0
       0
       0
       0
       0
       0
       0
       0
       0
       0
       0
       0
       0
       0
       0
       0
       0
       0
       0
       0
       0
       0
       0
       0
       0
       0
       0
       0
       0
       0
       0
       1
       0
       0
       0
       0
       0
       0
       0
       0
       0
       0
       0
       0
       1
       0
       0
       0
       0
       0
       0
       0
       0
       0
       0
       0
       0
       1
       0
       0
       0
       0
       0
       0
       0
       0
       0
       0
       0
       0
       0
       0
       0
       0
       0
       0
       0
       0
       0
       0
       0
       0
       0
       0
       0
       0
       0
       0
       0
       0
       0
       0
       0
       0
       0
       0
       0
       0
       0
       0
       0
       0
       0
       0
       0
       0
       0
       0
       0
       0
       0
       0
       0
       0
       0
       0
       0
       0
       0
       0
       0
       0
       0
       0
       0
       0
       0
       0
       0
       0
       0
       0
       0
       0
       0
       0
       0
       0
       0
       0
       0
       0
       0
       0
       0
       0
       0
       0
       0
       0
       0
       0
       0
       0
       0
       0
       0
       0
       0
       0
       0
       0
       0
       1
       0
       0
       0
       0
       0
       0
       0
       0
       0
       0
       0
       0
       0
       0
       0
       0
       0
       0
       0
       0
       0
       0
       0
       0
       0
       0
       0
       0
       0
       0
       0
       0
       0
       0
       0
       0
       0
       0
       0
       0
       0
       0
       0
       0
       0
       0
       0
       0
       0
       0
       0
       0
       0
       0
       0
       0
       0
       0
       0
       0
       0
       0
       0
       0
       0
       0
       0
       0
       0
       0
       0
       0
       0
       0
       0
       0
       0
       0
       0
       0
       0
       0
       0
       0
       0
       0
       0
       0
       0
       0
       0
       0
       0
       0
       0
       0
       0
       0
       0
       0
       0
       0
       0
       0
       0
       0
       0
       0
       0
       0
       0
       0
       0
       0
       0
       0
       0
       1
       0
       0
       0
       0
       0
       0
       0
       0
       0
       0
       0
       0
       0
       0
       0
       0
       0
       0
       0
       0
       0
       0
       0
       0
       0
       0
       0
       0
       0
       0
       0
       0
       0
       0
       0
       1
       0
       0
       0
       0
       0
       0
       0
       0
       0
       0
       0
       0
       0
       0
       0
       1
       0
       0
       0
       0
       0
       1
       0
       0
       0
       0
       0
       0
       0
       0
       0
       0
       0
       0
       0
       0
       0
       0
       0
       0
       0
       0
       0
       0
       0
       0
       0
       0
       0
       0
       0
       0
       0
       0
       0
       0
       0
       0
       0
       0
       0
       0
       0
       0
       0
       1
       0
       0
       0
       0
       0
       0
       1
       0
       0
       1
       0
       0
       0
       0
       0
       0
       0
       1
       0
       0
       0
       0
       0
       0
       0
       0
       0
       0
       0
       0
       0
       0
       0
       0
       0
       0
       0
       0
       0
       0
       0
       0
       0
       0
       0
       0
       0
       0
       0
       0
       0
       0
       0
       0
       0
       0
       0
       1
       0
       0
       0
       0
       0
       0
       0
       0
       0
       0
       0
       0
       0
       0
       0
       0
       0
       0
       0
       0
       0
       0
       0
       0
       0
       0
       0
       0
       0
       0
       0
       0
       0
       0
       0
       0
       0
       0
       0
       0
       0
       0
       0
       0
       0
       0
       1
       0
       0
       0
       0
       0
       0
       0
       0
       0
       0
       0
       0
       0
       0
       0
       0
       0
       0
       0
       0
       0
       0
       0
       0
       0
       0
       0
       0
       0
       0
       0
       0
       0
       0
       0
       0
       0
       0
       0
       0
       0
       0
       0
       0
       0
       0
       0
       1
       0
       0
       0
       0
       0
       0
       0
       0
       0
       0
       0
       0
       0
       0
       0
       0
       0
       0
       0
       0
       0
       0
       0
       0
       0
       0
       0
       0
       0
       0
       0
       0
       0
       0
       0
       0
       0
       0
       0
       0
       0
       0
       0
       0
       0
       0
       0
       0
       0
       0
       0
       0
       0
       0
       0
       0
       0
       0
       0
       0
       0
       0
       0
       0
       0
       0
       0
       0
       0
       0
       0
       0
       0
       0
       0
       0
       0
       0
       0
       0
       0
       0
       0
       0
       0
       0
       0
       0
       0
       0
       0
       0
       0
       0
       0
       0
       0
       0
       0
       0
       0
       0
       0
       0
       0
       0
       0
       0
       0
       0
       0
       0
       0
       0
       0
       0
       0
       0
       0
       0
       0
       0
       0
       0
       0
       0
       0
       0
       0
       0
       0
       0
       0
       0
       0
       0
       2
       0
       0
       0
       0
       0
       0
       0
       0
       0
       0
       0
       0
       0
       0
       0
       0
       0
       0
       0
       0
       0
       0
       0
       0
       0
       0
       0
       0
       0
       1
       0
       1
       0
       1
       0
       1
       0
       0
       0
       0
       0
       0
       0
       0
       0
       0
       0
       0
       0
       0
       0
       0
       0
       0
       0
       0
       0
       0
       0
       0
       0
       0
       0
       0
       0
       0
       0
       0
       0
       0
       0
       0
       0
       0
       0
       0
       0
       0
       0
       0
       0
       0
       0
       0
       0
       0
       0
       0
       0
       0
       0
       0
       0
       0
       0
       0
       0
       1
       0
       0
       0
       0
       0
       1
       0
       0
       0
       0
       0
       0
       0
       0
       0
       0
       0
       0
       0
       1
       0
       0
       0
       0
       0
       0
       0
       0
       0
       0
       0
       0
       0
       0
       0
       0
       0
       0
       0
       0
       0
       0
       1
       0
       0
       0
       0
       0
       0
       0
       0
       0
       0
       0
       0
       0
       0
       0
       0
       0
       0
       0
       0
       0
       0
       0
       0
       0
       0
       0
       0
       0
       0
       0
       0
       0
       0
       0
       0
       0
       0
       0
       0
       0
       0
       0
       0
       0
       0
       0
       0
       0
       0
       1
       0
       0
       0
       0
       0
       0
       0
       0
       0
       0
       0
       0
       0
       0
       0
       0
       0
       0
       0
       0
       0
       0
       0
       0
       0
       0
       0
       0
       0
       0
       0
       0
       0
       0
       0
       0
       0
       0
       0
       0
       0
       0
       0
       0
       0
       0
       0
       0
       0
       0
       0
       0
       0
       0
       0
       0
       0
       0
       0
       0
       0
       0
       0
       0
       0
       0
       0
       0
       0
       0
       0
       0
       0
       0
       0
       0
       0
       0
       0
       0
       0
       0
       0
       0
       0
       0
       0
       0
       0
       0
       0
       0
       0
       0
       0
       0
       0
       0
       0
       0
       0
       0
       0
       0
       0
       0
       0
       0
       0
       0
       0
       0
       0
       0
       0
       0
       0
       0
       0
       0
       0
       0
       0
       0
       0
       0
       0
       0
       0
       0
       0
       0
       0
       0
       0
       0
       0
       0
       0
       0
       0
       0
       0
       0
       0
       0
       0
       0
       0
       0
       0
$ROI:
0
$PRESETS:
None
0
0
$ENER_FIT:
-10.967808 0.378418
$MCA_CAL:
3
-1.096781E+001 3.784181E-001 0.000000E+000 keV
$SHAPE_CAL:
3
1.249391E+001 -1.421730E-003 0.000000E+000
