$SPEC_ID:
No sample description was entered.
$SPEC_REM:
DET# 1
DETDESC# Easy-MCA 2k Ser:11231610
AP# Maestro Version 7.01
$DATE_MEA:
05/05/2023 14:44:26
$MEAS_TIM:
770 794
$DATA:
0 2047
       0
       0
       0
       0
       0
       0
       0
       0
       0
       0
       0
       0
       0
       0
       0
       0
       0
       0
       0
       0
       0
       0
       0
       0
       0
       0
       0
       0
       0
       4
     667
    4774
    4895
    5279
    5450
    5566
    5427
    5412
    5205
    5234
    4993
    4943
    5051
    4881
    5018
    5111
    5055
    4951
    5215
    5157
    5326
    5420
    5947
    6668
    7734
    8839
   10220
   11869
   13163
   13728
   13782
   12838
   11854
   10772
    9672
    9155
    9012
    8817
    8388
    7995
    7467
    6979
    6447
    5859
    5801
    5554
    5398
    5351
    5307
    5452
    5369
    5537
    5719
    5744
    5561
    5660
    5834
    5876
    5976
    6067
    6198
    6079
    6279
    6193
    6536
    6509
    6485
    6438
    6701
    6604
    6756
    6605
    6877
    6919
    6942
    6871
    7091
    7045
    7034
    7173
    7235
    7244
    7205
    7388
    7270
    7403
    7437
    7685
    7729
    7620
    7858
    7960
    8051
    8242
    8299
    8397
    8582
    8931
    8907
    9149
    9604
    9593
    9718
    9729
    9883
    9957
    9859
   10089
   10107
   10150
   10188
   10167
   10106
    9920
   10105
   10109
    9726
    9962
    9900
    9932
   10174
   10150
    9942
    9916
   10114
    9957
   10040
    9810
    9860
    9793
    9980
    9823
    9752
    9891
    9704
    9643
    9655
    9684
    9636
    9472
    9431
    9282
    9468
    9515
    9581
    9121
    9356
    9214
    9167
    9006
    9228
    9179
    9016
    9208
    8914
    9055
    8770
    8801
    8952
    8841
    8805
    8834
    8708
    8624
    8838
    8585
    8507
    8654
    8430
    8584
    8521
    8664
    8414
    8255
    8352
    8498
    8494
    8200
    8372
    8404
    8353
    8408
    8200
    8408
    8336
    8318
    8243
    8251
    8388
    8117
    8030
    8117
    8248
    8268
    8226
    8200
    7895
    8070
    7922
    8014
    7656
    7673
    7377
    7547
    7472
    7178
    7289
    6959
    7101
    6793
    6658
    6498
    6491
    6406
    6111
    6049
    5829
    5758
    5655
    5599
    5568
    5281
    5292
    5171
    5116
    5050
    5043
    4914
    4890
    4816
    4702
    4707
    4701
    4674
    4645
    4568
    4595
    4562
    4512
    4401
    4438
    4367
    4275
    4307
    4234
    4252
    4172
    4140
    4190
    4062
    4019
    3997
    3958
    3893
    3886
    3918
    3814
    3821
    3812
    3830
    3808
    3803
    3682
    3843
    3687
    3695
    3683
    3577
    3565
    3571
    3493
    3494
    3373
    3441
    3458
    3395
    3402
    3384
    3280
    3369
    3331
    3258
    3417
    3244
    3361
    3210
    3352
    3275
    3264
    3321
    3422
    3359
    3322
    3452
    3540
    3565
    3853
    4072
    4167
    4348
    4554
    5035
    5472
    5799
    6351
    7012
    7801
    8274
    9328
   10338
   11290
   12798
   14062
   15393
   17094
   18697
   20310
   22246
   24374
   26059
   28294
   30118
   32104
   34046
   36146
   37753
   39186
   40969
   42205
   43358
   43803
   44766
   44412
   44815
   44581
   43588
   42870
   41896
   40740
   39001
   37250
   34921
   33044
   30878
   28940
   26305
   23996
   21900
   20080
   18078
   15883
   14024
   12714
   11009
    9678
    8336
    7300
    6428
    5307
    4735
    4054
    3586
    3195
    2868
    2537
    2323
    2142
    1984
    1802
    1765
    1688
    1572
    1604
    1457
    1497
    1482
    1374
    1383
    1487
    1468
    1367
    1373
    1474
    1397
    1460
    1397
    1471
    1465
    1409
    1319
    1512
    1381
    1419
    1374
    1402
    1383
    1420
    1341
    1382
    1425
    1388
    1345
    1349
    1393
    1406
    1384
    1370
    1297
    1320
    1299
    1284
    1381
    1328
    1314
    1293
    1334
    1308
    1319
    1316
    1267
    1297
    1216
    1327
    1311
    1317
    1306
    1238
    1266
    1285
    1347
    1330
    1274
    1232
    1304
    1227
    1267
    1316
    1280
    1270
    1278
    1370
    1284
    1355
    1309
    1322
    1302
    1249
    1308
    1255
    1246
    1309
    1311
    1281
    1245
    1328
    1266
    1371
    1230
    1317
    1311
    1327
    1324
    1287
    1352
    1358
    1349
    1305
    1204
    1305
    1329
    1286
    1313
    1310
    1326
    1288
    1272
    1330
    1327
    1273
    1220
    1214
    1185
    1262
    1239
    1273
    1237
    1298
    1240
    1277
    1280
    1243
    1209
    1214
    1227
    1269
    1248
    1308
    1216
    1220
    1241
    1241
    1196
    1309
    1269
    1256
    1283
    1269
    1281
    1172
    1308
    1243
    1214
    1257
    1296
    1232
    1235
    1227
    1228
    1201
    1284
    1367
    1289
    1220
    1311
    1244
    1259
    1255
    1267
    1247
    1223
    1222
    1301
    1245
    1242
    1270
    1190
    1205
    1240
    1193
    1236
    1208
    1249
    1233
    1204
    1208
    1193
    1239
    1204
    1202
    1206
    1225
    1267
    1232
    1193
    1224
    1241
    1216
    1247
    1224
    1240
    1193
    1165
    1189
    1160
    1178
    1251
    1206
    1230
    1238
    1228
    1263
    1274
    1211
    1278
    1255
    1228
    1212
    1213
    1272
    1268
    1285
    1230
    1164
    1164
    1281
    1258
    1196
    1261
    1226
    1270
    1247
    1260
    1318
    1279
    1306
    1240
    1252
    1208
    1268
    1261
    1288
    1238
    1258
    1297
    1278
    1278
    1264
    1303
    1302
    1293
    1277
    1318
    1357
    1336
    1333
    1300
    1311
    1239
    1311
    1299
    1307
    1311
    1343
    1341
    1310
    1275
    1295
    1336
    1369
    1292
    1306
    1275
    1313
    1336
    1248
    1346
    1266
    1340
    1272
    1329
    1314
    1326
    1336
    1267
    1291
    1332
    1321
    1388
    1390
    1314
    1346
    1279
    1351
    1330
    1394
    1313
    1354
    1337
    1304
    1316
    1277
    1291
    1357
    1307
    1260
    1304
    1323
    1288
    1306
    1267
    1224
    1276
    1272
    1255
    1215
    1235
    1196
    1252
    1220
    1206
    1195
    1208
    1216
    1195
    1105
    1114
    1064
    1076
    1058
    1040
     986
     979
     967
     940
     970
     947
     909
     892
     900
     893
     868
     818
     840
     740
     754
     748
     720
     777
     673
     711
     638
     678
     625
     636
     666
     619
     609
     628
     594
     572
     534
     591
     528
     529
     539
     499
     518
     524
     500
     499
     432
     508
     435
     453
     447
     431
     431
     449
     378
     443
     425
     366
     392
     394
     405
     393
     406
     353
     403
     353
     382
     355
     348
     360
     390
     360
     356
     387
     377
     334
     359
     359
     328
     342
     359
     352
     362
     425
     346
     402
     387
     373
     388
     423
     448
     450
     438
     459
     463
     475
     499
     496
     531
     542
     564
     568
     579
     674
     637
     721
     792
     802
     818
     871
     888
    1076
    1083
    1091
    1122
    1211
    1279
    1438
    1497
    1584
    1659
    1689
    1843
    1939
    2067
    2180
    2380
    2496
    2555
    2821
    2801
    3095
    3224
    3385
    3449
    3750
    3837
    4101
    4210
    4310
    4488
    4651
    4786
    5008
    5077
    5208
    5405
    5472
    5686
    5770
    5761
    5937
    6195
    6234
    6367
    6352
    6244
    6360
    6326
    6251
    6257
    6177
    6222
    6206
    6148
    5841
    5973
    5669
    5565
    5526
    5345
    5070
    5006
    4771
    4776
    4364
    4313
    4206
    3954
    3828
    3577
    3420
    3138
    2968
    2791
    2729
    2492
    2295
    2266
    2061
    1889
    1803
    1659
    1444
    1449
    1259
    1144
    1032
    1060
     937
     895
     809
     719
     675
     588
     539
     535
     471
     449
     391
     347
     332
     319
     286
     274
     268
     249
     263
     201
     187
     213
     194
     183
     175
     193
     189
     186
     190
     167
     168
     139
     176
     162
     121
     135
     148
     132
     136
     131
     132
     149
     138
     138
     151
     141
     121
     127
     126
     136
     132
     133
     135
     122
     131
     152
     114
     128
     141
     125
     129
     141
     142
     137
     121
     127
     128
     138
     119
     148
     129
     149
     134
     148
     146
     121
     151
     137
     136
     140
     143
     143
     129
     161
     120
     138
     124
     157
     136
     156
     155
     147
     159
     150
     134
     151
     139
     133
     157
     166
     153
     129
     133
     150
     137
     127
     142
     150
     131
     136
     141
     145
     128
     138
     127
     135
     131
     154
     147
     148
     132
     131
     117
     146
     138
     115
     155
     122
     122
     133
     132
     149
     126
     132
     141
     138
     130
     115
     130
     124
     110
     131
     155
     116
     126
     121
     123
     114
     119
     134
     126
     120
     125
     121
     133
     150
     114
     104
     112
     113
     115
     111
     116
     115
     120
      88
      91
     100
     116
     102
     108
     106
      96
      78
     102
      89
      86
      89
      97
      89
      94
      88
      86
      92
      75
      92
     101
      69
      73
      75
      92
      85
      74
      74
      76
      82
      67
      65
      59
      69
      61
      83
      57
      59
      64
      76
      64
      70
      65
      61
      62
      57
      59
      77
      53
      57
      46
      69
      57
      61
      60
      49
      53
      44
      49
      47
      52
      50
      48
      50
      48
      45
      51
      37
      54
      45
      48
      50
      42
      57
      53
      46
      36
      39
      45
      46
      38
      43
      51
      42
      51
      49
      49
      57
      41
      39
      43
      43
      40
      53
      54
      51
      70
      60
      65
      67
      67
      62
      67
      71
      74
      71
      91
      78
      82
      91
      80
      98
     100
      89
      88
     100
     101
     117
     131
     124
     106
     120
     151
     120
     128
     136
     153
     151
     169
     165
     158
     174
     177
     179
     197
     202
     201
     185
     220
     191
     208
     212
     196
     199
     204
     213
     188
     198
     220
     235
     234
     221
     225
     224
     231
     243
     189
     188
     188
     211
     221
     184
     173
     181
     198
     175
     163
     162
     159
     153
     131
     152
     143
     138
     127
     123
     116
     110
     115
     104
     105
     100
      91
      78
      69
      78
      76
      80
      59
      53
      49
      55
      40
      45
      39
      46
      35
      35
      24
      37
      20
      17
      21
      22
      21
      21
      17
      12
      12
      13
       6
      10
       9
      10
       9
       7
       9
      10
       7
       7
       5
       4
       6
       6
       1
       4
      10
       6
       6
       4
       7
       4
       8
       5
       4
       3
       7
       5
       6
       4
       5
       9
       3
       3
       2
       2
       2
       3
       1
       3
       8
       6
       4
       5
       6
       3
       8
       3
       6
       2
       4
       1
       6
       2
       2
       4
       2
       3
       1
       1
       6
       4
       3
       6
       4
       4
       6
       5
       3
       5
       3
       4
       1
       3
       4
       4
       4
       2
       3
       4
       6
       2
       6
       4
       1
       2
       2
       2
       2
       3
       3
       3
       5
       0
       1
       3
       2
       2
       1
       6
       4
       1
       3
       2
       2
       1
       2
       2
       2
       2
       2
       7
       1
       2
       3
       1
       2
       1
       2
       1
       0
       3
       3
       2
       4
       3
       3
       2
       1
       5
       2
       1
       3
       4
       4
       3
       2
       3
       0
       2
       2
       2
       2
       2
       2
       0
       4
       2
       3
       2
       1
       6
       1
       5
       3
       5
       3
       3
       1
       1
       0
       2
       1
       3
       2
       2
       1
       2
       4
       3
       3
       2
       1
       2
       1
       0
       1
       0
       3
       4
       0
       0
       0
       1
       2
       2
       1
       2
       1
       2
       0
       0
       3
       1
       3
       0
       2
       5
       2
       3
       1
       2
       0
       0
       3
       3
       1
       2
       2
       0
       3
       3
       2
       1
       0
       0
       0
       1
       0
       0
       0
       1
       2
       0
       2
       1
       1
       4
       4
       0
       0
       0
       1
       2
       0
       2
       2
       0
       1
       1
       1
       0
       1
       1
       4
       0
       2
       0
       2
       3
       0
       0
       2
       1
       4
       0
       0
       3
       0
       0
       1
       2
       2
       2
       1
       2
       3
       0
       1
       1
       0
       0
       0
       1
       1
       1
       3
       2
       2
       0
       2
       0
       1
       1
       2
       4
       2
       0
       1
       0
       2
       0
       2
       2
       1
       1
       0
       0
       3
       0
       1
       2
       1
       0
       1
       1
       2
       2
       4
       0
       1
       0
       0
       3
       4
       2
       1
       2
       1
       0
       2
       1
       2
       1
       3
       2
       0
       0
       4
       1
       2
       1
       0
       1
       3
       1
       1
       1
       1
       0
       0
       0
       1
       1
       2
       3
       0
       0
       2
       0
       2
       0
       0
       3
       1
       2
       0
       1
       1
       0
       1
       3
       2
       2
       1
       1
       1
       0
       0
       0
       0
       0
       0
       0
       0
       2
       2
       1
       1
       1
       4
       1
       0
       0
       2
       2
       1
       2
       1
       0
       0
       0
       1
       0
       1
       5
       0
       2
       0
       4
       2
       0
       2
       3
       0
       3
       1
       0
       1
       2
       0
       1
       1
       0
       1
       1
       0
       0
       1
       0
       2
       0
       2
       1
       1
       1
       1
       3
       0
       2
       0
       2
       1
       1
       0
       1
       0
       2
       1
       0
       2
       0
       2
       1
       2
       0
       1
       2
       3
       2
       0
       0
       4
       0
       3
       2
       1
       0
       0
       3
       1
       0
       0
       1
       1
       1
       0
       1
       3
       0
       1
       0
       1
       1
       0
       1
       1
       1
       1
       0
       1
       2
       2
       0
       0
       1
       4
       1
       0
       1
       1
       0
       0
       0
       1
       0
       0
       0
       0
       1
       0
       2
       0
       1
       1
       0
       0
       0
       0
       0
       0
       0
       0
       0
       0
       0
       1
       0
       0
       1
       0
       0
       0
       1
       0
       0
       0
       0
       0
       0
       0
       1
       0
       0
       0
       1
       0
       1
       0
       0
       0
       0
       0
       0
       0
       1
       0
       0
       0
       1
       0
       0
       1
       0
       0
       1
       0
       0
       3
       1
       0
       0
       0
       0
       0
       0
       1
       0
       1
       0
       0
       0
       1
       0
       0
       0
       0
       0
       0
       0
       0
       0
       0
       0
       0
       0
       0
       0
       0
       0
       0
       0
       0
       1
       1
       0
       0
       0
       1
       1
       0
       0
       0
       0
       0
       0
       0
       0
       0
       0
       0
       2
       0
       0
       0
       0
       0
       0
       0
       0
       0
       0
       0
       0
       0
       0
       0
       0
       0
       0
       1
       0
       0
       0
       0
       0
       0
       0
       0
       0
       0
       0
       0
       0
       0
       0
       0
       0
       0
       0
       0
       0
       0
       0
       0
       0
       0
       0
       0
       0
       0
       0
       0
       0
       0
       0
       0
       0
       0
       0
       0
       0
       0
       0
       0
       0
       0
       0
       0
       0
       0
       0
       0
       0
       0
       0
       0
       0
       0
       0
       0
       0
       0
       0
       0
       0
       0
       0
       0
       0
       0
       0
       0
       0
       0
       0
       0
       0
       0
       0
       0
       0
       0
       0
       0
       0
       0
       0
       0
       0
       0
       0
       0
       0
       0
       0
       0
       0
       0
       0
       0
       0
       0
       0
       0
       0
       0
       0
       0
       0
       0
       0
       0
       0
       0
       0
       0
       0
       0
       0
       0
       0
       0
       0
       0
       0
       0
       0
       0
$ROI:
0
$PRESETS:
None
0
0
$ENER_FIT:
-25.254362 1.549597
$MCA_CAL:
3
-2.525436E+001 1.549597E+000 0.000000E+000 keV
$SHAPE_CAL:
3
4.043517E+001 -6.689760E-004 0.000000E+000
