# BEGINHEADER
# This file contains data from the SALSA 2m radio telescope.
# DATE=2023-11-13T16:06:0027
# GLON and GLAT given in degrees
# GLON=9.872686655368467
# GLAT=0.29102540412140304
# DATA in two columns below. Col. 1 is velocity relative to LSR [km/s]. Col. 2 is uncalibrated antenna temperature [K].
# ENDHEADER
258.239322752962 -4.0340042654948185
256.17817880236333 -6.725023054283911
254.1170348517647 -7.340463349920722
252.05589090116607 -10.086313621781734
249.99474695056742 -10.596542690874681
247.93360299996877 -12.824132790062116
245.87245904937015 -11.935002137577147
243.8113150987715 -13.031943001394154
241.75017114817285 -14.003750650087833
239.6890271975742 -13.743793939149079
237.62788324697559 -13.9437819851657
235.56673929637694 -13.730646340573339
233.50559534577832 -13.247194156461378
231.44445139517964 -14.719121031881025
229.38330744458102 -11.73641622199362
227.32216349398237 -13.528130509394533
225.26101954338375 -14.426057627255302
223.1998755927851 -15.330463751871036
221.13873164218643 -13.690398244063454
219.0775876915878 -14.604519815141831
217.01644374098916 -14.760922384022862
214.95529979039054 -14.70366403193472
212.8941558397919 -15.566270054357508
210.83301188919324 -15.254216929063874
208.7718679385946 -15.25157967937726
206.71072398799598 -16.730185887727018
204.64958003739733 -17.35733823467019
202.58843608679868 -17.230038547383906
200.52729213620003 -16.767851556001656
198.4661481856014 -13.934982997780475
196.40500423500276 -13.238010499228793
194.34386028440414 -13.576764781168363
192.28271633380547 -14.729336157057254
190.22157238320685 -14.302799719331517
188.1604284326082 -14.574721694973963
186.09928448200958 -12.741811771580158
184.03814053141093 -13.669706337099097
181.97699658081225 -12.285263190728507
179.91585263021364 -15.44935319923117
177.854708679615 -22.090223903337282
175.79356472901637 -12.393566846513732
173.7324207784177 -12.631182947109238
171.67127682781907 -12.050298037152873
169.61013287722042 -12.817835201737449
167.5489889266218 -12.308455525156107
165.48784497602315 -12.492071223786827
163.4267010254245 -12.240156604474555
161.36555707482586 -13.128901416033587
159.30441312422724 -12.915931634230205
157.2432691736286 -10.546656093524076
155.18212522302997 -12.497562170656762
153.1209812724313 -10.804207494385844
151.05983732183267 -10.732604519274913
148.99869337123403 -10.658144521484417
146.9375494206354 -8.974692284776053
144.87640547003673 -11.145969800967176
142.81526151943808 -10.900428485517
140.75411756883946 -11.227836420412897
138.6929736182408 -11.36631117293497
136.6318296676422 -10.126552504024529
134.57068571704352 -10.920923688171994
132.5095417664449 -11.556727057241513
130.44839781584625 -10.795094151206394
128.38725386524763 -9.897143742298251
126.32610991464898 -11.076524293345242
124.26496596405035 -9.513109133621512
122.20382201345168 -10.369648995220334
120.14267806285305 -10.818912846922698
118.0815341122544 -10.830648809663455
116.02039016165577 -10.256016206092864
113.95924621105713 -8.963327770119545
111.89810226045849 -9.898569998844314
109.83695830985985 -9.308149359476412
107.7758143592612 -10.41603458303493
105.71467040866257 -9.130031359436895
103.65352645806392 -10.609796080453338
101.59238250746529 -9.954674136303138
99.53123855686665 -10.68331323150368
97.47009460626802 -8.516717367804848
95.40895065566939 -3.0012381576353957
93.34780670507074 -11.418609321105741
91.2866627544721 -5.6330524791711865
89.22551880387346 -11.720208957198032
87.16437485327482 -4.667553097490707
85.10323090267617 -17.71690382453477
83.04208695207753 16.669276247752933
80.98094300147889 40.72109781880628
78.91979905088024 78.14748460132768
76.85865510028161 110.5926401311877
74.79751114968296 9.505137153597143
72.73636719908433 -5.972047544720084
70.67522324848568 -6.306543880971311
68.61407929788705 -4.895006386222761
66.55293534728841 -3.332001512683691
64.49179139668976 -0.3537441909380848
62.43064744609112 -3.2385647355289584
60.36950349549249 -2.2257599181019208
58.30835954489385 2.217948048739388
56.247215594295206 2.0473335295312283
54.18607164369656 4.978150742731312
52.124927693097916 7.462041901664507
50.063783742499275 8.303741289963545
48.002639791900634 11.059886606267426
45.94149584130199 14.73659158098868
43.88035189070335 15.031262545982207
41.81920794010471 16.804284120908868
39.75806398950607 20.211582817926566
37.69692003890743 18.844049405444053
35.63577608830879 23.070570881523977
33.57463213771015 25.0241939635623
31.51348818711151 26.64623125642888
29.452344236512864 29.682134627746013
27.391200285914223 32.916045682425704
25.330056335315586 35.009481818014066
23.268912384716945 37.4051898975227
21.2077684341183 38.22673392953518
19.146624483519663 38.920798728128716
17.08548053292102 41.09488594471735
15.024336582322382 42.51272788339432
12.96319263172374 44.04724992657485
10.9020486811251 41.18574292665088
8.840904730526457 39.866198911072196
6.779760779927818 35.726259487282555
4.718616829329177 34.69669363508305
2.657472878730536 37.62334798582229
0.5963289281318954 38.15445283771352
-1.464815022466745 30.65057183095335
-3.5259589730653866 23.14316428207232
-5.587102923664027 19.297807709052023
-7.648246874262668 21.41740273480146
-9.709390824861309 19.493968369827495
-11.77053477545995 20.54663114848436
-13.83167872605859 22.62255251468589
-15.892822676657232 21.00478233128578
-17.953966627255873 18.379090273971276
-20.015110577854514 18.898386320599666
-22.076254528453152 14.578215895394413
-24.137398479051793 11.326338986278236
-26.198542429650434 8.155667469795647
-28.259686380249075 4.230773695935896
-30.320830330847716 1.6877823268433692
-32.38197428144636 -1.7459658338280162
-34.443118232044995 -3.4098460701553264
-36.504262182643636 -3.922497626655537
-38.56540613324228 -5.313226903878446
-40.62655008384092 -4.9167013899611405
-42.687694034439566 -7.122631518493194
-44.74883798503821 -6.824994181269676
-46.80998193563684 -7.016995731970601
-48.87112588623548 -7.841620776705872
-50.93226983683412 -7.954108164719541
-52.99341378743276 -9.201498543508457
-55.0545577380314 -7.151240599314846
-57.11570168863004 -5.496927031252675
-59.17684563922868 -7.885655205834855
-61.23798958982733 -7.199059087150216
-63.29913354042596 -6.857357332164989
-65.3602774910246 -9.06820172219912
-67.42142144162324 -8.524677015712351
-69.48256539222189 -7.516165437479076
-71.54370934282053 -8.302722131926844
-73.60485329341917 -7.00031940484216
-75.66599724401782 -7.837212267410021
-77.72714119461645 -7.389119895599509
-79.7882851452151 -9.138499094284898
-81.84942909581373 -7.885996861061243
-83.91057304641237 -9.262677067247312
-85.97171699701101 -8.513887838282592
-88.03286094760965 -6.4393372363396635
-90.0940048982083 -6.04734772283395
-92.15514884880693 -6.244662079695583
-94.21629279940558 -7.622307717574515
-96.27743675000421 -8.671270601546484
-98.33858070060285 -6.930090224565332
-100.39972465120151 -5.483237140401168
-102.46086860180014 -6.888563563668341
-104.52201255239878 -7.640182321459951
-106.58315650299743 -8.5201987789321
-108.64430045359606 -6.241392890073685
-110.70544440419472 -4.74163802773712
-112.76658835479336 -7.01519813901695
-114.827732305392 -8.347460720759495
-116.88887625599064 -8.604382726549412
-118.95002020658927 -8.910681778500015
-121.01116415718792 -5.851619346915959
-123.07230810778655 -7.4684644484198
-125.1334520583852 -6.273639973019712
-127.19459600898384 -6.758176878570728
-129.25573995958248 -5.21172185317103
-131.31688391018113 -5.378306311928728
-133.37802786077975 -4.003723541925388
-135.4391718113784 -4.979802087192215
-137.50031576197705 -5.158951597802658
-139.5614597125757 -7.893358483643719
-141.62260366317432 -6.943249219239357
-143.68374761377297 -5.837710614947386
-145.7448915643716 -7.707242529758828
-147.80603551497026 -6.43797275460715
-149.86717946556888 -4.8871165673588735
-151.92832341616753 -5.374126453967385
-153.98946736676615 -4.5885015239665945
-156.05061131736483 -6.85097750944633
-158.11175526796345 -5.377679308580369
-160.1728992185621 -5.429509061999331
-162.2340431691607 -5.75288481856586
-164.29518711975936 -5.3452153744083075
-166.35633107035804 -5.034308021483292
-168.41747502095666 -3.6713799253187496
-170.4786189715553 -6.256747982338705
-172.53976292215393 -4.709341425780567
-174.60090687275257 -4.7635534135772915
-176.66205082335122 -4.341494425720689
-178.72319477394987 -5.060208436661347
-180.7843387245485 -5.685529772551506
-182.84548267514714 -5.230117047890229
-184.9066266257458 -4.155457654853161
-186.96777057634444 -4.053311678542744
-189.02891452694305 -4.071151009466088
-191.0900584775417 -3.566169686196336
-193.15120242814032 -2.623741393879007
-195.212346378739 -3.2350774183675193
-197.27349032933762 -5.015143325861606
-199.33463427993627 -3.0062515205261953
-201.3957782305349 -5.166727961117297
-203.45692218113354 -5.484379134667899
-205.5180661317322 -3.603014309332516
-207.57921008233083 -4.303729135744779
-209.64035403292948 -2.638794465908522
-211.7014979835281 -4.593972522929175
-213.76264193412678 -3.2286854842363075
-215.8237858847254 -3.351691056625249
-217.88492983532404 -4.886507322196013
-219.94607378592266 -5.090367564758201
-222.0072177365213 -6.237809004834133
-224.06836168711996 -4.119346900180471
-226.1295056377186 -4.4711687441900185
-228.19064958831723 -5.548982271180165
-230.25179353891588 -4.379957754153681
-232.3129374895145 -3.40634373169524
-234.37408144011317 0.6350273632270972
-236.4352253907118 -22.343548631994835
-238.49636934131044 -4.540578814151918
-240.55751329190906 0.6565881731489306
-242.61865724250774 -3.4259186444525214
-244.67980119310639 -2.4662297534335886
-246.740945143705 -1.7498962902415456
-248.80208909430365 -1.5975624140804283
-250.86323304490227 -1.8497042451640289
-252.92437699550095 -1.1439437758062687
-254.98552094609957 0.11708076145124478
-257.0466648966982 -2.929705270755448
-259.10780884729684 -2.0931251961902433
-261.1689527978955 -3.7670440390781375
-263.23009674849413 -4.0531515782831224
-265.2912406990927 -2.5239714441694603
-267.35238464969143 -4.37692561288185
