# BEGINHEADER
# This file contains data from the SALSA 2m radio telescope.
# DATE=2023-11-13T16:15:0050
# GLON and GLAT given in degrees
# GLON=19.844820610848842
# GLAT=10.27608476437726
# DATA in two columns below. Col. 1 is velocity relative to LSR [km/s]. Col. 2 is uncalibrated antenna temperature [K].
# ENDHEADER
263.8125175643034 -2.231484316987702
261.75137361370474 -2.1794915445126692
259.69022966310604 -1.2983513219083875
257.62908571250745 -2.5593521633751237
255.5679417619088 -1.2854658471202405
253.50679781131015 -1.7687309997528198
251.4456538607115 -1.5166164739721177
249.38450991011285 -1.4093328219820362
247.32336595951423 -0.6559747347729918
245.2622220089156 -1.7779618709905602
243.20107805831697 -1.335292251345955
241.1399341077183 -0.8430276845875795
239.07879015711967 -1.1692652477352263
237.01764620652102 0.14033058386318656
234.9565022559224 -0.312203103567877
232.89535830532375 -1.6247865631237424
230.8342143547251 -1.066225565819253
228.77307040412646 -1.4271474067149252
226.71192645352784 -2.4722749534225983
224.6507825029292 -0.5650161854186965
222.5896385523305 -0.45673784005281187
220.5284946017319 -1.024569862115247
218.46735065113324 1.1537214769928175
216.40620670053463 -0.5711150758942038
214.34506274993598 -1.5176681695335668
212.28391879933733 2.4060736058965126
210.22277484873868 -2.2171342637922242
208.16163089814006 -1.3853035681510029
206.1004869475414 -1.0828856807190137
204.0393429969428 0.5972335703589974
201.97819904634412 -1.1188518065199224
199.9170550957455 -1.0743085310713818
197.85591114514682 -1.894316195658275
195.7947671945482 -1.3877831729732504
193.73362324394955 -3.5827641885585977
191.67247929335093 -2.359933222654227
189.61133534275226 -0.4892052238390805
187.55019139215364 -0.9500546066115942
185.489047441555 -1.5043711119348908
183.42790349095634 -1.2510362114836715
181.3667595403577 -0.9243973571023038
179.30561558975904 -0.7343408072567199
177.24447163916042 0.05591391622733563
175.18332768856177 -2.068530411386827
173.12218373796316 -1.4013838527498084
171.06103978736448 -2.3770105562801036
168.99989583676586 -2.108834599505089
166.9387518861672 -1.4246537701666566
164.8776079355686 -2.2216040553644127
162.81646398496994 -2.6111528942976565
160.7553200343713 -3.143439852704993
158.69417608377265 -2.0612366857788946
156.63303213317403 -1.9719684474468855
154.57188818257538 -1.4295180483960834
152.51074423197673 -1.0744548439421466
150.44960028137808 -1.255100937311106
148.38845633077946 -3.0327380237657526
146.3273123801808 -2.225387971896266
144.26616842958217 -2.222434457112503
142.20502447898352 -3.876613947082495
140.14388052838487 -1.2254727009503212
138.08273657778625 -3.6965086959789986
136.0215926271876 -2.9183981774651024
133.96044867658898 -2.382027501954112
131.8993047259903 -3.035647674215142
129.83816077539169 -1.9316561048823107
127.77701682479304 -2.2935592146803265
125.71587287419439 -1.9103220605266438
123.65472892359575 -3.306511950682605
121.59358497299712 -3.272483658978982
119.53244102239847 -2.943997027145941
117.47129707179984 -2.783941831325136
115.41015312120119 -2.6690249125011034
113.34900917060256 -2.148934807817435
111.28786522000391 -0.9459624961718797
109.22672126940527 -1.1390801108197257
107.16557731880664 -2.947005371606313
105.10443336820799 -2.978639315011102
103.04328941760936 -2.9055404780178296
100.98214546701071 -2.1249337657436613
98.92100151641209 -3.9343384120386364
96.85985756581344 -2.309721373982758
94.79871361521481 -3.4074687145566362
92.73756966461616 -3.424252864880413
90.67642571401753 -3.3638075413789803
88.61528176341889 -2.17741684284974
86.55413781282023 -4.232650141047013
84.4929938622216 -1.1505014443962256
82.43184991162295 -0.8032231665344026
80.37070596102431 -2.064330862015583
78.30956201042567 -2.767399470892702
76.24841805982703 -3.0507078682288813
74.1872741092284 -3.363296238285584
72.12613015862975 -4.106180807901704
70.06498620803112 -4.108419498304081
68.00384225743247 -3.615501251433404
65.94269830683383 -3.28332628411858
63.88155435623519 -2.1163975405224904
61.82041040563655 -3.720461366291812
59.7592664550379 -2.2449442711548135
57.69812250443926 -1.5442819692340826
55.63697855384063 -3.0990263194790817
53.57583460324199 -3.821101624420454
51.514690652643345 -3.1699016469158376
49.453546702044704 -1.5974395552017333
47.39240275144606 -3.3167200339634952
45.33125880084742 -2.544493906886309
43.27011485024878 -2.3866733992534757
41.20897089965015 -1.1425362905997734
39.1478269490515 -0.5333372711026403
37.08668299845286 -0.7377587027700678
35.02553904785422 -0.42524054264682987
32.964395097255576 0.7442820628351514
30.903251146656938 2.4837565451521675
28.842107196058297 3.960847452902715
26.780963245459656 4.987542586268079
24.71981929486101 6.9525987777005325
22.658675344262374 10.609184540584701
20.597531393663733 15.733483271718029
18.53638744306509 17.19999912447789
16.475243492466454 17.84617227354655
14.414099541867811 21.764557917331466
12.35295559126917 21.62279531127057
10.29181164067053 21.883959494628975
8.230667690071888 29.11666896449796
6.169523739473247 42.07622105771424
4.108379788874606 49.521385808797476
2.0472358382759657 50.64699518110343
-0.013908112322675326 39.88234541011065
-2.075052062921316 29.560274749248
-4.136196013519957 20.212264562950097
-6.197339964118597 10.890474357960898
-8.258483914717237 5.475458063346531
-10.319627865315878 -0.1373177778959804
-12.38077181591452 0.8085036170234216
-14.44191576651316 -0.17099370761831253
-16.503059717111803 -2.3190265103868386
-18.56420366771044 -0.8347923689992353
-20.625347618309082 -1.7219446260789366
-22.686491568907726 -0.9385993909891821
-24.747635519506364 -1.3393948148876438
-26.808779470105005 -3.009658384584515
-28.869923420703646 -2.6545835283165378
-30.931067371302284 -2.807887422797108
-32.992211321900925 -3.9427759460586596
-35.053355272499566 -3.3569866414148803
-37.114499223098214 -4.204526509410821
-39.175643173696855 -4.196377791721575
-41.23678712429549 -4.867258678221589
-43.29793107489413 -4.322679342449267
-45.35907502549277 -2.8094923262269873
-47.42021897609141 -5.340378293630989
-49.48136292669005 -4.224296574676172
-51.542506877288695 -4.516921624389189
-53.603650827887336 -4.615090268896418
-55.66479477848597 -4.422422169679463
-57.72593872908462 -3.9423825132014256
-59.78708267968326 -4.4384048698933265
-61.8482266302819 -4.957803065321948
-63.90937058088054 -5.594521194963922
-65.97051453147917 -5.001991073169939
-68.03165848207783 -3.8600901427299648
-70.09280243267646 -4.0439652730631
-72.15394638327511 -3.286958811169501
-74.21509033387375 -4.152340613807649
-76.27623428447238 -5.549589442314321
-78.33737823507103 -4.009006091481845
-80.39852218566966 -4.295880241411205
-82.45966613626831 -4.576800334971265
-84.52081008686694 -4.0718809446104
-86.5819540374656 -4.073170037230941
-88.64309798806423 -4.052424058553362
-90.70424193866286 -4.860437446167919
-92.76538588926151 -6.38032979959098
-94.82652983986014 -4.12516869316647
-96.88767379045879 -3.921170543274537
-98.94881774105743 -5.030919455830644
-101.00996169165607 -4.870099131320165
-103.07110564225472 -4.965502923684442
-105.13224959285337 -4.896037763335965
-107.19339354345202 -5.156279804791722
-109.25453749405065 -6.30090556270562
-111.31568144464929 -5.604882648478353
-113.37682539524793 -3.8332081016197974
-115.43796934584657 -4.58164797898865
-117.49911329644522 -4.805070062967509
-119.56025724704385 -4.185659549083291
-121.6214011976425 -4.179413279458009
-123.68254514824113 -5.719039935824273
-125.74368909883977 -4.562840040805874
-127.80483304943841 -4.629408365739769
-129.86597700003705 -4.114519521980708
-131.9271209506357 -3.956478559250942
-133.98826490123434 -4.718537086913909
-136.04940885183296 -4.0831587223595776
-138.1105528024316 -4.849915862588734
-140.17169675303026 -4.014160473284065
-142.2328407036289 -5.076677633612827
-144.29398465422753 -4.684583336354553
-146.35512860482618 -5.7768075802170324
-148.41627255542483 -4.087172050452283
-150.47741650602347 -5.55996457889906
-152.5385604566221 -4.28726221410403
-154.59970440722074 -3.7730074036457455
-156.66084835781936 -4.469974075438997
-158.72199230841804 -4.441114037931277
-160.78313625901666 -3.785459873621081
-162.8442802096153 -3.9110090945726257
-164.90542416021395 -3.289227541882862
-166.96656811081257 -3.783968116426914
-169.02771206141125 -5.701298899225307
-171.08885601200987 -6.340803180341532
-173.14999996260852 -4.564266031076148
-175.21114391320714 -4.650288206606159
-177.27228786380581 -5.193191547915773
-179.33343181440443 -5.256801165598972
-181.39457576500308 -3.6994441428906133
-183.4557197156017 -2.430725941557775
-185.51686366620035 -4.742890918419461
-187.578007616799 -4.645312297207584
-189.63915156739765 -3.358675579388412
-191.70029551799627 -3.342893219930701
-193.76143946859492 -4.104181925438423
-195.82258341919353 -4.259342897349203
-197.8837273697922 -3.124646713856795
-199.9448713203908 -4.50454293573868
-202.00601527098945 -4.225541463325652
-204.06715922158813 -5.972236576123581
-206.12830317218675 -4.950153170125284
-208.1894471227854 -4.580649806687917
-210.25059107338402 -4.686210016562575
-212.31173502398266 -4.148573295584631
-214.3728789745813 -3.4225738132200214
-216.43402292517996 -3.328553055644584
-218.49516687577858 -4.667087920446705
-220.55631082637723 -3.9490939693805163
-222.61745477697585 -3.932843049390316
-224.67859872757452 -3.867439886074869
-226.73974267817314 -4.246288614125149
-228.8008866287718 -3.813461983179411
-230.8620305793704 -5.239872110588739
-232.9231745299691 -3.2940391718802884
-234.9843184805677 -5.557559005555008
-237.04546243116636 -2.9179674726107034
-239.10660638176498 -3.2637524891052117
-241.16775033236362 -4.883697168045028
-243.2288942829623 -5.316620192272251
-245.29003823356092 -3.378678583895041
-247.35118218415957 -4.217279318172727
-249.4123261347582 -2.5563671789868163
-251.47347008535684 -1.8563272788259766
-253.53461403595549 -3.3651922744153824
-255.59575798655413 -4.359107970523523
-257.6569019371528 -3.6206843246230704
-259.7180458877514 -1.3932895496775841
-261.7791898383501 -2.656121462208623
