# BEGINHEADER
# This file contains data from the SALSA 2m radio telescope.
# DATE=2023-11-13T00:18:0024
# GLON and GLAT given in degrees
# GLON=79.80188806674408
# GLAT=0.09858449597394893
# DATA in two columns below. Col. 1 is velocity relative to LSR [km/s]. Col. 2 is uncalibrated antenna temperature [K].
# ENDHEADER
265.3918310431052 -1.5477858474592194
263.33068709250654 -3.9181455298985455
261.2695431419079 -4.783221858558015
259.20839919130924 -3.3358474905854707
257.14725524071065 -0.5935609525744789
255.08611129011197 -2.8600803301287803
253.02496733951332 -3.9885518209523116
250.9638233889147 -3.5952226769199673
248.90267943831606 -3.4220228110050797
246.8415354877174 -1.9847337214869027
244.78039153711876 -1.1994326256168233
242.71924758652014 -3.6552239858935027
240.6581036359215 -2.862818485847565
238.59695968532287 -2.4095397345655263
236.5358157347242 -2.789717597309521
234.47467178412558 -2.3796471464491824
232.41352783352693 -2.8781243896276507
230.3523838829283 -3.905317457757431
228.29123993232966 -3.727172704397407
226.23009598173098 -3.8256705377918183
224.16895203113236 -4.948298559464966
222.10780808053372 -5.087216934006102
220.0466641299351 -3.5009548126491774
217.98552017933642 -3.141695114170964
215.9243762287378 -2.598892452412963
213.86323227813915 -3.720629639857029
211.80208832754053 -4.060312529896989
209.74094437694188 -4.378320251196568
207.67980042634323 -4.010189149773195
205.6186564757446 -4.069865823127639
203.55751252514597 -5.329093082342765
201.49636857454732 -3.1318029960699922
199.4352246239487 -3.130812037531604
197.37408067335002 -3.4172244354139902
195.3129367227514 -4.624164796709139
193.25179277215275 -3.356002557631189
191.19064882155413 -4.275562053494591
189.12950487095546 -3.950772245495709
187.0683609203568 -5.38440491281939
185.0072169697582 -4.413280722132445
182.94607301915954 -4.021755775869217
180.88492906856092 -3.4367533258778726
178.82378511796225 -4.288665134868542
176.76264116736363 -1.6504594734224636
174.70149721676498 -5.780524446057192
172.64035326616636 -5.9653435442455365
170.5792093155677 -4.722107430688399
168.51806536496906 -4.094244714915037
166.4569214143704 -5.22851222955667
164.3957774637718 -4.605494973985346
162.33463351317315 -5.129952511761856
160.27348956257453 -5.237117718400004
158.21234561197585 -3.4507312097093514
156.15120166137723 -5.593160489617458
154.09005771077858 -5.70543750967912
152.02891376017996 -7.144453622190418
149.96776980958128 -6.807020721578445
147.90662585898264 -6.8647603370899475
145.84548190838402 -5.919363550149752
143.78433795778537 -5.577223984112844
141.72319400718675 -6.633455683480155
139.66205005658807 -4.900902187995063
137.60090610598945 -6.144756032829844
135.5397621553908 -5.346486465976476
133.47861820479218 -5.695125398214357
131.41747425419354 -7.011520113059976
129.3563303035949 -5.17510468180814
127.29518635299624 -6.727010638147757
125.2340424023976 -7.20212339341202
123.17289845179896 -7.855893343356193
121.11175450120032 -5.255373587451774
119.05061055060169 -7.548058642034441
116.98946660000304 -5.994120352656631
114.92832264940441 -7.046263523387201
112.86717869880576 -5.893447777450705
110.80603474820713 -6.917183893472397
108.74489079760848 -8.255422008720457
106.68374684700984 -7.263697452559105
104.62260289641121 -6.22292871128552
102.56145894581256 -5.20266366536678
100.50031499521393 -7.462869807725969
98.43917104461528 -7.002323437089293
96.37802709401664 -6.096311329576078
94.316883143418 -8.52292085490494
92.25573919281936 -7.576512129461059
90.19459524222071 -8.479183255822509
88.13345129162207 -8.258732772990712
86.07230734102343 -8.87380626246217
84.01116339042478 -7.796410557221707
81.95001943982615 -7.948452705775762
79.8888754892275 -8.426290089759913
77.82773153862887 -7.395019308006272
75.76658758803023 -6.633895077836286
73.70544363743159 -7.0659718393471875
71.64429968683295 -6.904415747227257
69.5831557362343 -7.574564452680571
67.52201178563567 -8.046865370355164
65.46086783503702 -8.988764759183734
63.39972388443839 -9.405361151854446
61.33857993383974 -6.758906104048074
59.2774359832411 -7.517649276508512
57.21629203264246 -9.213038757966915
55.15514808204382 -8.936617412421912
53.09400413144518 -8.061747520788277
51.03286018084654 -7.852881915846271
48.97171623024789 -8.167107224177922
46.91057227964925 -8.249854144376364
44.84942832905062 -8.200372434567008
42.78828437845197 -9.06346365929359
40.72714042785333 -7.989434303653541
38.66599647725469 -6.1881274985307195
36.604852526656046 -7.07878844264138
34.543708576057405 -6.617621561273189
32.482564625458764 -5.9255650613054085
30.421420674860126 -3.9892651892964084
28.360276724261485 -3.4185096206320664
26.299132773662844 -0.18184618937340324
24.237988823064207 4.152413204268839
22.176844872465566 8.934386326902773
20.115700921866928 18.83887295680867
18.054556971268283 33.36157325190682
15.993413020669642 51.801083001152044
13.932269070071003 72.60914994718091
11.871125119472364 91.29683527838758
9.80998116887372 103.6721150848029
7.748837218275081 111.47411818421303
5.6876932676764405 112.54215511339702
3.626549317077799 107.20675727064
1.5654053664791578 101.02948066365046
-0.4957385841194828 104.6532138713223
-2.556882534718124 103.59978002109754
-4.618026485316764 98.27068188743758
-6.679170435915405 87.79280076300827
-8.740314386514045 81.06854556871717
-10.801458337112686 66.75607905574563
-12.862602287711328 53.41404940883236
-14.923746238309969 43.46749727454256
-16.984890188908608 36.35940211125528
-19.04603413950725 32.72460950892241
-21.10717809010589 28.55405796025554
-23.16832204070453 27.6622800312528
-25.229465991303176 27.843029189553803
-27.290609941901813 27.02133895007899
-29.351753892500454 27.92801527163826
-31.4128978430991 27.42001660381354
-33.47404179369774 26.013022251528657
-35.535185744296385 26.372840164592922
-37.59632969489502 25.35759351825639
-39.65747364549366 25.2402221731693
-41.7186175960923 26.171956851061726
-43.77976154669094 25.112685866046522
-45.84090549728958 22.57264976145884
-47.902049447888224 18.811415267606993
-49.96319339848686 17.60301671395613
-52.0243373490855 15.88684228347644
-54.08548129968413 14.396994568616499
-56.14662525028278 15.095406549819824
-58.20776920088142 16.381249795750115
-60.268913151480064 18.987872638166333
-62.330057102078705 23.431789414237258
-64.39120105267735 26.999208596214842
-66.452345003276 29.20425938562893
-68.51348895387463 31.11249807158076
-70.57463290447328 35.49854773487213
-72.63577685507191 34.864422177846045
-74.69692080567054 35.435026046740035
-76.75806475626919 32.2734257755228
-78.81920870686783 28.854938588988457
-80.88035265746647 26.536840251599315
-82.94149660806511 22.472118043441256
-85.00264055866376 18.026947378245165
-87.06378450926239 13.627928926184655
-89.12492845986102 9.710057066058562
-91.18607241045967 6.565123497248217
-93.2472163610583 5.037874270975161
-95.30836031165695 0.7480291692409845
-97.36950426225559 0.4949281928709214
-99.43064821285424 -1.9878860308203217
-101.49179216345287 -3.0943179201329043
-103.55293611405152 -5.183571147499957
-105.61408006465017 -5.080712098634873
-107.6752240152488 -4.166344744198331
-109.73636796584745 -4.219746788945156
-111.79751191644608 -5.126982054262428
-113.85865586704473 -7.939706455979152
-115.91979981764337 -4.624789706737376
-117.980943768242 -6.747674721462943
-120.04208771884065 -5.219340096319509
-122.10323166943928 -7.652691199290613
-124.16437562003793 -7.4818416818629325
-126.22551957063656 -7.788193611042171
-128.28666352123523 -7.64697554718366
-130.34780747183385 -7.834995555350666
-132.4089514224325 -8.595928623946598
-134.47009537303114 -8.444340987063345
-136.53123932362976 -7.639448876339364
-138.5923832742284 -8.256901875166804
-140.65352722482706 -9.184432204028358
-142.7146711754257 -9.982980439241814
-144.77581512602433 -7.714744382409441
-146.83695907662297 -8.929482375136601
-148.8981030272216 -8.590281624491443
-150.95924697782027 -6.763653403996079
-153.0203909284189 -7.624376742001431
-155.08153487901754 -7.978234359664515
-157.14267882961616 -8.165564191300097
-159.2038227802148 -9.907952894778473
-161.26496673081348 -8.195575248925268
-163.3261106814121 -8.569593382031897
-165.38725463201075 -9.246932935197638
-167.44839858260937 -8.313562563606931
-169.50954253320805 -7.557040440244957
-171.57068648380667 -7.542651954015066
-173.63183043440532 -7.441943141437937
-175.69297438500394 -7.266857685447621
-177.75411833560258 -7.789190299073753
-179.81526228620123 -6.277888878641577
-181.87640623679988 -8.3278961724382
-183.9375501873985 -8.540023886076543
-185.99869413799715 -7.805620820474009
-188.05983808859577 -5.8561008548111015
-190.12098203919444 -7.667172332315616
-192.18212598979306 -7.446593580115102
-194.2432699403917 -7.462635825184093
-196.30441389099033 -7.27464803607187
-198.365557841589 -6.94796534307694
-200.42670179218766 -6.755486256068684
-202.48784574278628 -6.7740206154820095
-204.54898969338493 -6.278334062866448
-206.61013364398354 -7.009026307163889
-208.67127759458222 -6.681217281610215
-210.73242154518084 -8.339363236365601
-212.7935654957795 -7.351992021379068
-214.8547094463781 -6.966056453905005
-216.91585339697676 -7.923090990018635
-218.9769973475754 -6.917730412171405
-221.03814129817405 -6.435865395106075
-223.09928524877267 -6.933157325915863
-225.16042919937132 -7.037706125043158
-227.22157314996994 -7.203675920748985
-229.28271710056862 -8.312068030478292
-231.34386105116724 -7.6820200800606795
-233.4050050017659 -6.377308959698745
-235.4661489523645 -7.468980383069593
-237.52729290296318 -7.6086547144787176
-239.58843685356183 -5.31752844145615
-241.64958080416045 -6.260957756384033
-243.7107247547591 -6.206343864913728
-245.77186870535772 -5.393087075853646
-247.8330126559564 -6.102611640821902
-249.89415660655501 -6.48241446153982
-251.95530055715366 -4.750187639549048
-254.01644450775228 -3.6263524104116907
-256.07758845835093 -5.428686941421601
-258.1387324089496 -4.079468494570985
-260.1998763595482 -5.977529856998159
