$SPEC_ID:
No sample description was entered.
$SPEC_REM:
DET# 1
DETDESC# DESKTOP-0NFQHD6 Easy-MCA-2k SN 16145346
AP# Maestro Version 7.01
$DATE_MEA:
04/27/2023 11:56:22
$MEAS_TIM:
5646 6530
$DATA:
0 2047
       0
       0
       0
       0
       0
       0
       0
       0
       0
       0
       0
       0
       0
       0
       0
       0
       0
       0
       0
       0
       0
       0
       0
       0
       0
       0
       0
       0
       0
       0
       0
       0
       0
       0
       0
       0
       0
       0
       0
       0
       0
       0
       0
       0
       0
       0
       0
       0
       0
       0
       0
       0
       0
       0
       0
       0
       0
       0
       0
       0
       0
       0
       0
       0
       0
       0
       0
       0
       0
       0
       0
       0
       0
      11
     620
    8715
    8801
    8574
    8362
    8209
    8108
    8073
    8087
    7939
    8031
    7766
    7871
    7872
    7774
    7775
    7915
    7785
    7732
    7730
    7874
    7862
    7959
    7763
    7799
    7821
    8012
    8054
    8104
    8168
    7926
    8030
    7920
    8368
    8205
    8070
    8178
    8230
    8292
    8377
    8498
    8642
    8872
    8847
    9305
    9518
   10089
   10442
   11176
   11280
   11809
   12355
   12645
   13252
   13465
   13938
   14136
   14409
   14899
   14929
   15103
   15269
   15480
   15475
   15652
   15852
   16001
   15907
   15886
   16084
   16162
   16100
   16042
   15953
   16213
   16424
   16390
   16155
   16472
   16331
   16407
   16595
   16348
   16175
   16401
   16272
   16038
   16127
   16267
   16574
   16122
   16086
   16097
   16262
   16028
   15999
   16063
   16115
   15884
   15712
   15865
   15781
   15976
   15764
   15631
   15684
   15546
   15528
   15577
   15795
   15521
   15480
   15340
   15424
   15388
   15520
   15217
   14968
   15048
   15193
   14965
   15310
   14884
   14901
   14738
   14958
   14876
   14740
   14827
   14834
   14680
   14592
   14434
   14472
   14537
   14569
   14437
   14355
   14419
   14350
   14236
   13998
   14244
   13921
   14243
   13957
   14045
   13809
   13771
   13746
   13754
   13780
   13726
   13801
   13475
   13665
   13716
   13527
   13569
   13322
   13457
   13179
   13317
   13184
   13121
   13256
   13214
   13360
   13029
   13143
   13014
   12941
   12780
   12837
   12800
   12701
   12689
   12800
   12746
   12505
   12372
   12388
   12427
   12528
   12368
   12335
   12234
   12533
   12241
   12240
   12157
   12054
   11945
   12033
   11845
   11932
   12152
   11793
   11884
   11821
   11725
   11638
   11819
   11826
   11766
   11602
   11593
   11442
   11415
   11530
   11336
   11344
   11309
   11287
   11143
   11388
   10880
   11067
   11013
   11155
   10872
   10890
   10908
   10797
   10678
   10886
   10879
   10769
   10701
   10623
   10634
   10633
   10568
   10713
   10524
   10340
   10536
   10538
   10521
   10348
   10283
   10300
   10218
   10284
   10290
   10127
   10060
   10023
    9980
    9760
   10039
   10128
    9948
   10074
   10026
    9902
    9735
    9731
    9830
    9518
    9659
    9905
    9673
    9495
    9507
    9594
    9429
    9500
    9421
    9312
    9404
    9336
    9256
    9281
    9421
    9350
    9099
    9161
    9002
    9115
    9219
    9009
    9061
    8977
    9084
    8957
    9050
    9163
    9058
    8873
    9210
    8929
    9126
    9090
    9291
    9321
    9290
    9313
    9316
    9285
    9371
    9377
    9427
    9215
    9551
    9394
    9506
    9394
    9432
    9397
    9231
    9245
    9115
    9207
    9220
    9169
    8971
    9091
    8751
    8911
    8813
    8832
    8774
    8736
    8659
    8661
    8523
    8555
    8333
    8230
    8192
    8276
    8195
    8017
    7950
    7852
    8057
    8041
    7644
    7599
    7671
    7612
    7479
    7444
    7519
    7356
    7423
    7288
    7238
    7253
    7291
    7064
    7108
    7085
    6994
    6844
    6991
    6952
    6947
    6789
    6887
    6760
    6731
    6783
    6711
    6639
    6538
    6716
    6675
    6588
    6694
    6639
    6591
    6438
    6392
    6493
    6545
    6525
    6304
    6468
    6435
    6408
    6462
    6491
    6488
    6531
    6615
    6472
    6396
    6423
    6449
    6477
    6482
    6502
    6353
    6505
    6643
    6361
    6678
    6604
    6702
    6788
    6755
    6760
    6687
    7130
    7192
    7232
    7319
    7563
    7672
    7939
    8397
    8741
    9212
    9713
   10387
   10832
   11325
   11705
   11937
   11743
   11652
   11206
   10882
   10399
    9769
    9347
    8699
    8219
    7630
    7150
    6809
    6264
    5951
    5566
    5345
    4932
    4769
    4388
    4212
    4180
    4017
    3805
    3774
    3757
    3479
    3491
    3501
    3313
    3130
    3100
    3158
    2979
    2952
    2991
    2858
    2763
    2645
    2689
    2625
    2517
    2529
    2504
    2488
    2398
    2574
    2522
    2434
    2381
    2464
    2429
    2420
    2434
    2382
    2442
    2451
    2496
    2342
    2426
    2440
    2434
    2369
    2425
    2468
    2326
    2409
    2531
    2514
    2580
    2431
    2461
    2505
    2537
    2420
    2452
    2482
    2488
    2459
    2467
    2443
    2490
    2451
    2433
    2518
    2439
    2481
    2482
    2473
    2446
    2383
    2497
    2527
    2445
    2490
    2440
    2551
    2489
    2430
    2533
    2533
    2455
    2502
    2477
    2503
    2505
    2429
    2515
    2548
    2504
    2491
    2515
    2517
    2533
    2431
    2594
    2414
    2527
    2569
    2455
    2410
    2515
    2460
    2457
    2438
    2559
    2435
    2461
    2437
    2382
    2401
    2476
    2389
    2428
    2445
    2599
    2455
    2475
    2513
    2536
    2508
    2455
    2563
    2426
    2505
    2462
    2616
    2550
    2506
    2553
    2493
    2459
    2450
    2519
    2476
    2581
    2486
    2518
    2457
    2476
    2559
    2483
    2531
    2519
    2543
    2537
    2622
    2524
    2522
    2521
    2492
    2492
    2566
    2529
    2573
    2602
    2514
    2560
    2506
    2549
    2532
    2530
    2484
    2561
    2469
    2513
    2581
    2480
    2564
    2560
    2597
    2526
    2584
    2541
    2497
    2516
    2575
    2597
    2515
    2581
    2578
    2488
    2547
    2514
    2565
    2581
    2421
    2480
    2554
    2616
    2627
    2553
    2547
    2622
    2487
    2557
    2475
    2552
    2516
    2571
    2537
    2461
    2640
    2533
    2489
    2496
    2572
    2521
    2602
    2566
    2543
    2528
    2557
    2524
    2528
    2503
    2543
    2474
    2545
    2475
    2539
    2603
    2521
    2548
    2442
    2541
    2509
    2449
    2553
    2448
    2474
    2488
    2436
    2563
    2504
    2491
    2501
    2448
    2431
    2544
    2570
    2499
    2496
    2496
    2433
    2439
    2512
    2511
    2397
    2467
    2448
    2550
    2513
    2437
    2509
    2404
    2504
    2509
    2455
    2459
    2363
    2477
    2471
    2493
    2465
    2462
    2567
    2436
    2419
    2438
    2541
    2472
    2542
    2481
    2471
    2453
    2532
    2454
    2283
    2414
    2474
    2404
    2460
    2479
    2335
    2417
    2481
    2355
    2386
    2429
    2406
    2367
    2409
    2451
    2414
    2386
    2333
    2347
    2438
    2481
    2385
    2329
    2365
    2402
    2294
    2369
    2293
    2373
    2342
    2360
    2353
    2287
    2386
    2283
    2340
    2305
    2196
    2301
    2265
    2332
    2304
    2244
    2255
    2289
    2236
    2277
    2241
    2192
    2241
    2239
    2118
    2283
    2248
    2209
    2147
    2102
    2241
    2234
    2132
    2142
    2143
    2189
    2157
    2149
    2140
    2119
    2146
    2027
    2142
    2018
    2095
    2045
    2057
    2024
    1977
    2032
    2022
    1940
    2018
    1986
    1962
    1819
    1962
    1850
    1850
    1901
    1816
    1828
    1793
    1796
    1847
    1789
    1756
    1644
    1655
    1683
    1679
    1696
    1576
    1616
    1611
    1508
    1545
    1551
    1477
    1435
    1407
    1398
    1403
    1328
    1377
    1323
    1287
    1257
    1181
    1125
    1128
    1176
    1074
    1017
    1022
     979
     916
     904
     805
     823
     818
     741
     698
     719
     655
     614
     626
     524
     542
     451
     475
     470
     425
     383
     377
     333
     337
     340
     354
     296
     284
     279
     239
     280
     252
     218
     266
     208
     211
     218
     197
     195
     179
     224
     181
     201
     203
     188
     193
     197
     188
     187
     173
     192
     188
     166
     177
     179
     187
     167
     170
     178
     173
     191
     139
     169
     172
     173
     160
     169
     163
     172
     177
     161
     183
     174
     177
     184
     165
     181
     161
     181
     160
     161
     184
     184
     166
     181
     156
     186
     165
     159
     169
     156
     179
     145
     172
     161
     167
     174
     157
     168
     139
     144
     156
     149
     176
     138
     142
     147
     134
     164
     152
     137
     163
     152
     134
     164
     167
     132
     155
     167
     179
     161
     127
     146
     133
     161
     155
     127
     151
     142
     163
     146
     133
     148
     129
     129
     143
     143
     140
     110
     119
     132
     109
     138
     119
     128
     127
     141
     120
     120
     131
     119
     120
     125
     106
     112
     102
     131
     114
     112
     109
     112
     114
     125
     122
      86
     105
     113
     103
     114
      98
     102
      90
     110
      99
      90
      79
      86
     103
      83
      91
      97
      93
      95
      68
      81
      91
      70
      69
      91
      78
      80
      71
      69
      66
      50
      73
      62
      58
      61
      55
      39
      54
      55
      45
      34
      37
      46
      29
      42
      30
      41
      25
      21
      18
      20
      23
      27
      17
      30
      16
      14
      16
      18
      16
      12
      22
      13
      23
      18
      12
      14
      11
       7
      15
      17
      11
      14
       9
      11
      12
       5
       9
       6
      12
       9
      12
      13
      13
      12
       8
       9
      12
      11
       9
       8
       7
       8
       7
       4
       5
       8
      12
       4
       6
      10
      10
       2
       8
       4
       4
      11
       9
      10
       8
      12
       8
       3
       4
       6
      10
       7
      11
      13
      11
      10
      12
       6
       5
      12
       7
       7
      13
       7
       9
       4
       9
       8
       6
       6
       9
       6
       5
      10
       6
       2
      11
       8
       8
       5
      12
       8
       6
       4
       4
       8
       5
       6
       4
       2
       4
       6
       4
       4
       8
       8
       3
       2
       3
       5
       4
       3
       3
       5
      12
       6
       8
       3
       6
       3
       6
       8
       8
       8
       3
       6
       4
       6
       2
       4
       4
       3
       3
       3
       2
       7
      11
       9
       4
       5
       2
       4
       2
       5
       3
       3
       4
       9
       5
       4
       5
       3
       6
       3
       7
       5
       4
       5
       4
       3
       3
       5
       9
       3
       5
       3
       4
       5
       2
       5
       7
       8
       5
       3
       2
       2
       5
       3
       3
       5
       2
       5
       0
       2
       6
       1
       3
       2
       4
       2
       4
       1
       0
       3
       3
       5
       4
       4
       2
       3
       1
       1
       2
       5
       5
       4
       1
       5
       4
       4
       2
       4
       4
       3
       3
       4
       1
       2
       3
       2
       4
       1
       4
       2
       3
       3
       4
       1
       3
       2
       1
       2
       2
       3
       1
       5
       2
       8
       6
       3
       4
       1
       1
       4
       3
       0
       2
       4
       1
       0
       2
       2
       3
       2
       2
       3
       3
       3
       1
       4
       2
       3
       2
       0
       2
       0
       2
       0
       3
       2
       1
       1
       0
       3
       6
       2
       5
       1
       2
       5
       1
       3
       2
       1
       2
       2
       2
       2
       2
       2
       4
       0
       2
       0
       1
       1
       3
       3
       1
       2
       4
       4
       1
       1
       2
       1
       1
       0
       3
       1
       2
       0
       3
       2
       1
       4
       4
       2
       2
       0
       1
       0
       0
       1
       1
       2
       0
       1
       1
       3
       1
       1
       2
       5
       2
       3
       2
       2
       1
       1
       0
       1
       0
       1
       2
       1
       3
       3
       3
       0
       0
       2
       2
       1
       1
       3
       1
       0
       2
       2
       2
       3
       0
       1
       1
       1
       0
       1
       2
       4
       1
       0
       1
       2
       0
       2
       0
       1
       3
       1
       1
       1
       0
       0
       0
       1
       0
       2
       0
       1
       2
       2
       0
       3
       1
       0
       1
       0
       1
       2
       3
       0
       0
       0
       0
       0
       4
       1
       0
       1
       2
       3
       0
       1
       2
       0
       3
       0
       2
       1
       2
       1
       2
       1
       0
       0
       1
       0
       0
       0
       0
       1
       1
       1
       1
       0
       0
       0
       2
       1
       1
       0
       0
       1
       0
       0
       1
       1
       0
       0
       0
       0
       0
       3
       2
       2
       1
       0
       0
       0
       0
       0
       0
       0
       0
       0
       0
       0
       0
       1
       2
       1
       0
       0
       1
       2
       0
       1
       1
       1
       0
       1
       2
       2
       0
       4
       0
       0
       0
       0
       0
       0
       1
       0
       0
       1
       1
       0
       0
       0
       1
       0
       0
       0
       0
       1
       1
       0
       0
       2
       3
       0
       1
       0
       0
       0
       0
       0
       0
       0
       1
       2
       0
       0
       0
       0
       0
       1
       1
       0
       0
       2
       0
       0
       1
       0
       1
       0
       0
       1
       0
       0
       2
       0
       0
       0
       0
       1
       0
       0
       0
       0
       0
       0
       0
       0
       0
       0
       1
       2
       0
       0
       0
       0
       1
       0
       0
       0
       1
       3
       0
       0
       0
       2
       0
       1
       0
       0
       0
       0
       0
       0
       0
       1
       0
       1
       0
       0
       0
       0
       0
       0
       0
       0
       0
       1
       0
       1
       0
       0
       0
       0
       0
       0
       1
       0
       1
       1
       0
       0
       0
       0
       0
       0
       0
       0
       0
       0
       0
       0
       0
       1
       0
       0
       1
       1
       0
       1
       0
       0
       0
       0
       2
       0
       0
       0
       0
       2
       1
       0
       0
       0
       0
       0
       1
       0
       1
       0
       1
       0
       0
       0
       0
       0
       0
       0
       0
       0
       0
       1
       0
       1
       1
       0
       1
       0
       0
       0
       0
       0
       0
       0
       0
       0
       0
       0
       0
       0
       1
       0
       0
       0
       0
       0
       0
       0
       0
       0
       0
       0
       0
       1
       1
       0
       0
       0
       0
       0
       0
       0
       0
       0
       0
       0
       0
       0
       0
       0
       0
       0
       0
       0
       0
       0
       0
       0
       1
       0
       0
       0
       0
       0
       0
       0
       0
       0
       0
       0
       0
       0
       0
       0
       1
       0
       0
       0
       0
       0
       0
       0
       0
       0
       0
       0
       0
       0
       1
       0
       0
       0
       0
       0
       0
       0
       0
       0
       1
       0
       0
       0
       0
       0
       0
       0
       0
       0
       0
       0
       0
       0
       0
       0
       0
       0
       0
       0
       0
       1
       0
       1
       0
       0
       1
       0
       0
       0
       0
       0
       0
       0
       0
       0
       0
       1
       0
       1
       0
       0
       0
       0
       0
       0
       0
       0
       0
       0
       0
       0
       0
       0
       0
       0
       0
       0
       1
       0
       0
       0
       0
       0
       0
       0
       1
       0
       0
       0
       0
       0
       1
       0
       0
       0
       0
       0
       0
       0
       0
       0
       0
       0
       1
       0
       0
       0
       0
       1
       0
       0
       0
       1
       0
       0
       0
       0
       0
       0
       0
       0
       0
       0
       0
       0
       0
       0
       0
       0
       0
       0
       0
       0
       0
       0
       0
       0
       0
       0
       0
       0
       0
       0
       0
       0
       0
       0
       0
       0
       0
       0
       0
       0
       0
       0
       0
       0
       0
       0
       0
       0
       0
       0
       0
       0
       0
       0
       0
       0
       0
       0
       0
       0
       0
       0
       0
       0
       0
       0
$ROI:
0
$PRESETS:
None
0
0
$ENER_FIT:
0.000000 0.000000
$MCA_CAL:
3
0.000000E+000 0.000000E+000 0.000000E+000 
$SHAPE_CAL:
3
0.000000E+000 0.000000E+000 0.000000E+000
