$SPEC_ID:
No sample description was entered.
$SPEC_REM:
DET# 1
DETDESC# DESKTOP-0NFQHD6 Easy-MCA-2k SN 16145346
AP# Maestro Version 7.01
$DATE_MEA:
04/27/2023 10:33:59
$MEAS_TIM:
3101 3640
$DATA:
0 2047
       0
       0
       0
       0
       0
       0
       0
       0
       0
       0
       0
       0
       0
       0
       0
       0
       0
       0
       0
       0
       0
       0
       0
       0
       0
       0
       0
       0
       0
       0
       0
       0
       0
       0
       0
       0
       0
       0
       0
       0
       0
       0
       0
       0
       0
       0
       0
       0
       0
       0
       0
       0
       0
       0
       0
       1
       0
       0
       0
       0
       0
       0
       0
       0
       0
       0
       0
       0
       0
       0
       0
       0
       0
      14
     398
    5236
    5158
    5201
    5066
    5024
    4855
    4843
    4842
    4781
    4778
    4755
    4758
    4696
    4564
    4603
    4780
    4576
    4676
    4692
    4806
    4586
    4717
    4730
    4708
    4843
    4702
    4766
    4722
    4723
    4793
    4766
    4844
    4857
    4841
    4753
    4880
    4886
    5011
    5034
    5174
    5011
    5307
    5496
    5506
    5675
    6025
    6327
    6532
    6785
    6995
    7309
    7376
    7626
    8031
    8280
    8588
    8521
    8555
    8796
    8818
    8992
    9198
    9256
    9212
    9300
    9383
    9496
    9683
    9765
    9449
    9411
    9661
    9848
    9669
    9738
    9810
    9884
    9877
    9655
    9875
    9859
    9825
    9954
    9780
    9727
    9862
    9921
    9803
    9603
    9685
    9736
    9442
    9649
    9674
    9649
    9606
    9715
    9570
    9537
    9576
    9497
    9540
    9326
    9421
    9519
    9413
    9699
    9335
    9253
    9421
    9272
    9235
    9279
    9247
    9228
    9244
    9145
    8915
    9030
    8886
    9127
    8825
    8921
    9011
    8865
    8919
    8689
    8759
    8762
    8700
    8814
    8645
    8770
    8596
    8644
    8587
    8648
    8674
    8656
    8411
    8378
    8483
    8474
    8528
    8333
    8377
    8370
    8276
    8210
    8248
    8409
    8250
    8258
    8255
    8185
    8098
    8110
    8199
    8149
    7923
    7881
    8010
    7990
    7802
    7905
    7870
    7801
    7896
    7961
    7830
    7744
    7727
    7693
    7627
    7550
    7638
    7576
    7778
    7522
    7476
    7533
    7472
    7575
    7426
    7273
    7500
    7287
    7467
    7344
    7318
    7182
    7220
    7198
    7249
    7306
    7286
    7077
    7104
    7235
    7090
    6962
    7230
    6935
    6886
    7002
    7036
    6924
    6917
    6707
    6812
    6814
    6782
    6837
    6684
    6607
    6745
    6642
    6689
    6739
    6543
    6586
    6603
    6474
    6420
    6555
    6471
    6516
    6417
    6399
    6388
    6375
    6506
    6258
    6229
    6387
    6174
    6291
    6271
    6179
    6105
    6265
    6132
    6078
    6007
    6167
    6078
    6056
    6065
    6075
    5965
    5887
    5865
    5932
    5821
    5763
    5863
    5728
    5801
    5732
    5718
    5751
    5756
    5751
    5704
    5851
    5641
    5527
    5617
    5601
    5513
    5649
    5474
    5637
    5555
    5589
    5484
    5451
    5675
    5546
    5325
    5548
    5448
    5492
    5278
    5438
    5417
    5382
    5394
    5449
    5463
    5465
    5466
    5431
    5374
    5460
    5570
    5443
    5466
    5491
    5518
    5566
    5579
    5648
    5676
    5640
    5527
    5619
    5593
    5614
    5695
    5621
    5433
    5522
    5501
    5514
    5365
    5567
    5370
    5345
    5293
    5233
    5072
    5292
    5267
    5170
    5301
    5123
    4994
    5130
    5075
    4934
    4782
    4760
    4808
    4684
    4711
    4657
    4602
    4605
    4531
    4586
    4532
    4472
    4374
    4407
    4460
    4227
    4333
    4378
    4321
    4316
    4232
    4242
    4191
    4203
    4246
    4146
    4084
    4113
    4104
    3995
    4047
    4049
    4070
    4025
    3964
    3916
    3930
    4013
    3810
    3996
    4011
    3865
    3862
    4078
    3903
    3925
    3885
    3814
    3825
    3926
    3835
    3879
    3863
    3810
    3894
    3903
    3768
    3870
    3912
    3779
    3853
    3952
    3761
    3826
    3947
    3901
    3863
    3983
    3915
    4003
    3948
    4178
    4227
    4232
    4244
    4182
    4443
    4464
    4669
    4842
    4922
    5328
    5408
    5914
    6194
    6603
    6664
    7002
    7018
    7113
    6868
    6564
    6640
    6190
    5920
    5606
    5260
    4902
    4662
    4387
    4050
    3707
    3617
    3426
    3304
    3038
    2969
    2812
    2711
    2535
    2377
    2349
    2319
    2241
    2131
    2137
    2039
    1957
    1921
    1912
    1854
    1803
    1752
    1765
    1753
    1608
    1571
    1595
    1550
    1502
    1532
    1484
    1403
    1519
    1488
    1471
    1471
    1466
    1510
    1424
    1458
    1425
    1460
    1447
    1425
    1437
    1452
    1437
    1542
    1403
    1472
    1454
    1397
    1396
    1547
    1520
    1440
    1456
    1522
    1498
    1478
    1451
    1467
    1403
    1464
    1472
    1461
    1504
    1432
    1551
    1418
    1444
    1466
    1463
    1530
    1495
    1533
    1469
    1482
    1516
    1460
    1518
    1414
    1510
    1497
    1544
    1556
    1528
    1434
    1486
    1501
    1430
    1534
    1453
    1482
    1473
    1516
    1509
    1490
    1524
    1480
    1560
    1485
    1454
    1507
    1488
    1545
    1437
    1514
    1480
    1471
    1470
    1502
    1511
    1539
    1524
    1456
    1440
    1507
    1538
    1545
    1506
    1498
    1487
    1630
    1498
    1460
    1560
    1535
    1465
    1545
    1518
    1425
    1434
    1495
    1575
    1464
    1436
    1462
    1612
    1412
    1517
    1570
    1495
    1524
    1454
    1580
    1485
    1511
    1529
    1443
    1572
    1545
    1556
    1510
    1605
    1473
    1496
    1520
    1602
    1473
    1446
    1483
    1456
    1508
    1576
    1504
    1564
    1460
    1534
    1483
    1551
    1542
    1493
    1491
    1452
    1511
    1500
    1547
    1545
    1497
    1478
    1479
    1517
    1563
    1533
    1550
    1563
    1526
    1561
    1511
    1520
    1518
    1485
    1514
    1529
    1570
    1542
    1541
    1631
    1473
    1554
    1490
    1561
    1552
    1503
    1520
    1514
    1463
    1478
    1512
    1524
    1550
    1516
    1503
    1564
    1487
    1573
    1527
    1474
    1560
    1472
    1460
    1560
    1555
    1594
    1538
    1493
    1545
    1521
    1513
    1499
    1559
    1609
    1500
    1518
    1555
    1517
    1524
    1500
    1496
    1489
    1470
    1510
    1521
    1517
    1523
    1513
    1538
    1568
    1500
    1435
    1499
    1532
    1502
    1508
    1550
    1469
    1416
    1436
    1471
    1524
    1525
    1572
    1549
    1533
    1538
    1577
    1503
    1443
    1415
    1402
    1508
    1552
    1454
    1489
    1415
    1410
    1458
    1506
    1472
    1496
    1457
    1442
    1437
    1434
    1438
    1481
    1551
    1489
    1495
    1477
    1451
    1350
    1421
    1455
    1411
    1428
    1412
    1467
    1471
    1459
    1458
    1349
    1377
    1405
    1404
    1439
    1370
    1452
    1375
    1458
    1418
    1391
    1413
    1403
    1385
    1373
    1422
    1422
    1393
    1397
    1334
    1435
    1446
    1421
    1353
    1404
    1315
    1369
    1380
    1390
    1343
    1308
    1338
    1365
    1318
    1334
    1284
    1341
    1338
    1363
    1297
    1337
    1336
    1355
    1291
    1291
    1314
    1298
    1274
    1259
    1231
    1249
    1340
    1279
    1215
    1256
    1323
    1206
    1203
    1189
    1219
    1167
    1211
    1190
    1270
    1128
    1117
    1173
    1147
    1173
    1210
    1104
    1121
    1041
    1103
    1051
    1055
    1038
    1004
    1046
    1043
     976
    1028
     981
     975
    1001
     983
     958
     957
     951
     907
     889
     880
     877
     851
     777
     796
     796
     775
     783
     752
     710
     700
     696
     634
     606
     607
     610
     612
     572
     496
     494
     451
     420
     412
     426
     383
     370
     383
     332
     345
     283
     270
     246
     274
     237
     212
     221
     198
     194
     187
     200
     185
     175
     178
     150
     154
     177
     139
     123
     143
     139
     133
     115
     131
     109
     126
     128
     107
     119
      99
     106
     110
     102
     123
     114
     110
     116
     106
     113
     121
     110
     112
     110
     103
     117
     100
     109
      93
     118
     114
      97
     100
     112
     105
     106
     111
      92
      89
      82
     107
     128
      99
     100
      96
     112
     121
      98
      99
      92
     115
     101
      91
     115
     114
      98
      99
      98
      95
     110
      99
      89
      91
     101
      90
      86
     103
      82
     110
      96
      80
      89
     101
      85
      92
      95
      87
     113
      88
     105
     116
      97
      80
      99
      90
     101
      95
      81
      90
      88
      83
      67
      77
     106
      77
      69
      72
     103
      75
      80
      72
      83
      73
      70
      80
      79
      68
      88
      96
      77
      70
      72
      71
      79
      77
      71
      62
      85
      64
      77
      71
      71
      75
      69
      70
      59
      72
      63
      66
      49
      65
      57
      59
      64
      56
      67
      65
      65
      51
      62
      49
      69
      59
      56
      72
      56
      53
      49
      43
      51
      53
      38
      47
      42
      46
      51
      31
      41
      35
      39
      39
      35
      29
      37
      50
      16
      24
      39
      27
      30
      24
      23
      25
      25
      25
      19
      19
      18
      13
      15
      15
      13
      13
       7
      11
      12
       9
       8
      11
       4
       6
       8
       5
       7
       6
       3
       6
       9
       4
       5
       8
      12
       7
       4
       6
       7
       7
      10
       5
      11
       4
       5
       6
       5
       3
       6
       6
       4
       8
       3
       3
       6
       6
       7
       3
       7
       7
       7
       4
       7
       4
       9
       2
       7
       3
       7
       6
       7
       6
       6
       4
       6
       4
       5
       2
       2
       5
       5
       6
       2
       3
       3
       3
       4
       5
       1
       5
       4
       4
       0
       8
       6
       3
       8
       8
       4
       3
       6
       1
       4
       6
       1
       3
       4
       4
       4
       4
       2
       8
       2
       6
       6
       4
       2
       3
       2
       3
       3
       3
       9
       3
       5
       2
       4
       2
       8
       5
       3
       5
       4
       2
       5
       4
       2
       3
       4
       2
       1
       6
       4
       7
       2
       5
       7
       0
       2
       2
       4
       1
       1
       2
       3
       2
       5
       4
       2
       3
       3
       4
       5
       5
       2
       1
       3
       2
       4
       3
       3
       1
       5
       4
       1
       2
       1
       0
       2
       1
       3
       3
       1
       3
       3
       1
       2
       3
       1
       5
       0
       2
       5
       3
       4
       2
       6
       1
       3
       4
       2
       4
       1
       2
       1
       2
       2
       1
       1
       3
       1
       0
       5
       3
       3
       2
       1
       1
       0
       2
       3
       3
       1
       3
       2
       1
       4
       2
       1
       1
       4
       1
       2
       0
       1
       2
       1
       1
       0
       4
       0
       1
       2
       1
       1
       1
       7
       2
       2
       4
       3
       2
       3
       1
       0
       1
       4
       0
       3
       0
       3
       2
       1
       1
       1
       2
       2
       2
       1
       3
       1
       2
       2
       0
       1
       2
       2
       4
       2
       2
       0
       0
       1
       0
       3
       1
       2
       0
       1
       2
       2
       0
       0
       1
       2
       4
       3
       1
       1
       3
       1
       1
       1
       0
       0
       0
       0
       5
       4
       2
       2
       2
       1
       1
       0
       1
       1
       2
       2
       2
       2
       0
       0
       0
       2
       2
       0
       4
       1
       4
       0
       1
       0
       1
       0
       0
       0
       1
       1
       2
       2
       0
       4
       3
       0
       2
       0
       1
       0
       0
       1
       2
       1
       0
       1
       1
       1
       1
       2
       0
       1
       1
       0
       1
       0
       1
       0
       1
       0
       2
       0
       0
       1
       0
       2
       0
       2
       2
       0
       1
       0
       0
       1
       1
       1
       0
       0
       0
       1
       0
       1
       0
       0
       1
       0
       2
       1
       1
       0
       0
       0
       1
       0
       0
       0
       1
       1
       3
       3
       0
       0
       1
       2
       0
       0
       1
       1
       1
       0
       1
       1
       1
       1
       0
       0
       1
       1
       1
       2
       0
       0
       0
       1
       0
       0
       0
       1
       1
       2
       2
       0
       0
       0
       1
       0
       1
       0
       1
       1
       0
       0
       0
       0
       0
       1
       1
       1
       0
       1
       0
       1
       0
       0
       0
       0
       2
       1
       0
       0
       0
       0
       0
       1
       0
       1
       0
       1
       0
       0
       0
       1
       1
       1
       0
       1
       0
       3
       1
       1
       0
       0
       1
       1
       0
       0
       1
       1
       2
       0
       0
       1
       0
       0
       1
       1
       2
       0
       0
       0
       0
       0
       0
       1
       1
       0
       0
       0
       1
       0
       1
       1
       0
       0
       0
       0
       0
       1
       0
       1
       0
       1
       0
       0
       0
       0
       1
       0
       0
       2
       0
       0
       1
       1
       0
       0
       1
       0
       0
       0
       0
       0
       0
       0
       0
       0
       0
       0
       0
       0
       0
       2
       0
       0
       1
       0
       0
       0
       0
       0
       0
       0
       0
       0
       0
       0
       0
       0
       0
       0
       0
       0
       1
       1
       0
       0
       0
       0
       0
       0
       0
       0
       0
       1
       1
       0
       0
       0
       0
       0
       0
       0
       0
       0
       0
       1
       0
       0
       0
       0
       0
       0
       0
       0
       0
       0
       0
       0
       0
       0
       0
       0
       1
       0
       0
       1
       0
       0
       0
       0
       0
       0
       0
       0
       0
       0
       1
       0
       0
       0
       0
       0
       0
       0
       0
       1
       0
       0
       0
       0
       0
       0
       0
       1
       0
       0
       0
       0
       1
       0
       0
       0
       0
       0
       0
       0
       0
       0
       1
       2
       0
       0
       0
       0
       0
       0
       0
       0
       0
       0
       0
       0
       0
       0
       0
       0
       0
       0
       0
       1
       0
       0
       0
       0
       0
       0
       0
       0
       0
       0
       0
       0
       0
       0
       0
       0
       0
       0
       0
       0
       1
       0
       0
       0
       0
       0
       0
       0
       0
       0
       0
       0
       0
       0
       0
       0
       0
       0
       0
       0
       0
       0
       0
       0
       0
       0
       0
       0
       0
       0
       0
       0
       0
       0
       0
       0
       0
       0
       0
       0
       0
       0
       1
       0
       0
       0
       0
       0
       1
       0
       1
       0
       0
       0
       0
       0
       0
       0
       0
       1
       0
       0
       0
       0
       0
       0
       0
       1
       0
       0
       0
       0
       0
       0
       0
       0
       0
       0
       1
       0
       0
       0
       0
       1
       1
       0
       0
       0
       0
       0
       0
       0
       0
       0
       0
       0
       0
       0
       0
       0
       0
       0
       0
       1
       0
       0
       0
       0
       0
       0
       1
       0
       0
       0
       0
       0
       0
       1
       0
       0
       0
       0
       0
       0
       0
       0
       0
       0
       0
       0
       0
       0
       0
       0
       0
       0
       0
       0
       0
       0
       0
       0
       0
       0
       0
       0
       0
       0
       0
       0
       0
       0
       1
       0
       0
       0
       0
       0
       0
       0
       0
       0
       0
       0
       0
       0
       0
       0
       0
       0
       0
       0
       0
       0
       0
       0
       0
       0
       0
       1
       0
       0
       0
       0
       0
       0
       0
       0
       0
       0
       0
       0
       0
       0
       0
       0
       0
       0
       0
       0
       0
       0
       0
       0
       0
       0
       0
       0
       0
       0
       0
       0
       0
       0
       0
       0
       0
       0
       0
       0
       0
       0
       0
       0
$ROI:
0
$PRESETS:
None
0
0
$ENER_FIT:
0.000000 0.000000
$MCA_CAL:
3
0.000000E+000 0.000000E+000 0.000000E+000 
$SHAPE_CAL:
3
0.000000E+000 0.000000E+000 0.000000E+000
