$SPEC_ID:
No sample description was entered.
$SPEC_REM:
DET# 1
DETDESC# DESKTOP-0NFQHD6 Easy-MCA-2k SN 16145346
AP# Maestro Version 7.01
$DATE_MEA:
04/27/2023 08:45:06
$MEAS_TIM:
1843 2159
$DATA:
0 2047
       0
       0
       0
       0
       0
       0
       0
       0
       0
       0
       0
       0
       0
       0
       0
       0
       0
       0
       0
       0
       0
       0
       0
       0
       0
       0
       0
       0
       0
       0
       0
       0
       0
       0
       0
       0
       0
       0
       0
       0
       0
       0
       0
       0
       0
       0
       0
       0
       0
       0
       0
       0
       0
       0
       0
       0
       0
       0
       0
       0
       0
       0
       0
       0
       0
       0
       0
       0
       0
       0
       0
       0
       0
       2
     232
    3090
    3013
    2968
    2897
    2835
    2885
    2814
    2866
    2706
    2707
    2831
    2736
    2827
    2814
    2861
    2729
    2805
    2697
    2771
    2730
    2747
    2811
    2755
    2761
    2759
    2885
    2785
    2846
    2861
    2811
    2761
    2792
    2735
    2849
    2927
    3022
    2943
    2966
    2929
    3052
    3115
    3070
    3238
    3238
    3268
    3525
    3566
    3719
    3951
    4200
    4294
    4480
    4551
    4643
    4858
    5006
    5056
    5111
    5089
    5359
    5343
    5508
    5393
    5589
    5484
    5651
    5513
    5585
    5623
    5767
    5573
    5607
    5639
    5842
    5659
    5739
    5701
    5650
    5831
    5932
    5724
    5768
    5768
    5785
    5832
    5671
    5718
    5767
    5795
    5869
    5574
    5706
    5655
    5719
    5656
    5585
    5693
    5645
    5632
    5663
    5488
    5581
    5617
    5478
    5529
    5480
    5443
    5541
    5402
    5527
    5437
    5462
    5451
    5519
    5373
    5186
    5395
    5316
    5275
    5270
    5259
    5192
    5240
    5226
    5233
    5302
    5339
    5203
    5032
    5118
    5226
    5036
    5142
    5083
    5010
    5041
    5135
    5066
    4988
    5010
    4950
    5080
    4872
    4881
    4990
    5004
    4871
    4866
    4970
    4902
    4918
    4822
    4859
    4912
    4659
    4835
    4781
    4737
    4707
    4750
    4747
    4706
    4702
    4590
    4557
    4702
    4668
    4512
    4749
    4541
    4521
    4613
    4470
    4667
    4468
    4543
    4391
    4491
    4407
    4365
    4413
    4467
    4303
    4426
    4365
    4359
    4320
    4395
    4324
    4313
    4264
    4252
    4291
    4389
    4234
    4218
    4265
    4207
    4142
    4147
    4159
    4181
    4125
    4226
    4190
    4041
    4029
    4110
    4034
    4079
    4051
    3999
    3944
    3889
    3971
    4046
    4039
    4027
    3972
    3845
    3918
    3930
    3805
    3785
    3902
    3759
    3810
    3800
    3732
    3692
    3620
    3776
    3615
    3695
    3773
    3730
    3617
    3718
    3631
    3664
    3535
    3617
    3638
    3557
    3562
    3641
    3584
    3404
    3545
    3369
    3535
    3366
    3404
    3370
    3452
    3399
    3355
    3388
    3419
    3454
    3391
    3384
    3264
    3377
    3419
    3468
    3370
    3436
    3331
    3266
    3366
    3316
    3263
    3251
    3259
    3195
    3216
    3261
    3135
    3229
    3158
    3250
    3217
    3278
    3078
    3197
    3202
    3193
    3251
    3129
    3164
    3196
    3162
    3216
    3177
    3299
    3256
    3276
    3294
    3232
    3338
    3325
    3317
    3253
    3267
    3197
    3207
    3257
    3285
    3299
    3414
    3275
    3212
    3212
    3082
    3162
    3141
    3130
    3086
    3119
    3197
    3154
    3013
    3021
    2956
    2949
    2999
    2977
    2885
    2853
    2827
    2813
    2906
    2787
    2840
    2802
    2664
    2737
    2826
    2695
    2675
    2667
    2680
    2603
    2617
    2558
    2607
    2517
    2492
    2516
    2574
    2623
    2488
    2458
    2414
    2426
    2466
    2441
    2428
    2464
    2336
    2425
    2390
    2347
    2407
    2313
    2436
    2319
    2446
    2378
    2273
    2345
    2313
    2302
    2344
    2281
    2296
    2266
    2223
    2258
    2240
    2244
    2316
    2218
    2312
    2265
    2349
    2275
    2227
    2250
    2312
    2252
    2205
    2248
    2277
    2314
    2223
    2203
    2326
    2437
    2311
    2287
    2475
    2468
    2453
    2480
    2479
    2681
    2674
    2659
    2735
    2950
    3013
    3154
    3403
    3669
    3679
    3903
    4001
    4159
    4026
    4186
    3941
    3920
    3682
    3508
    3316
    3174
    2913
    2809
    2610
    2442
    2279
    2119
    2013
    1935
    1838
    1702
    1672
    1600
    1545
    1538
    1440
    1359
    1386
    1324
    1262
    1180
    1221
    1190
    1161
    1173
    1106
    1050
    1068
    1033
     969
     974
     916
     908
     915
     900
     872
     848
     896
     845
     835
     929
     850
     915
     870
     837
     814
     849
     803
     840
     864
     838
     878
     817
     841
     847
     808
     887
     882
     838
     847
     884
     813
     864
     828
     894
     863
     882
     937
     823
     835
     858
     915
     862
     872
     872
     868
     863
     896
     873
     876
     833
     917
     867
     864
     858
     881
     821
     904
     891
     891
     905
     918
     891
     858
     845
     870
     875
     939
     915
     845
     900
     867
     882
     825
     860
     855
     896
     914
     857
     874
     842
     868
     888
     852
     901
     882
     873
     873
     898
     857
     854
     888
     830
     901
     830
     838
     889
     905
     884
     898
     938
     856
     959
     893
     839
     847
     899
     837
     855
     854
     904
     877
     870
     909
     889
     880
     883
     896
     839
     862
     896
     880
     841
     886
     916
     872
     915
     891
     900
     904
     928
     927
     906
     846
     921
     860
     888
     862
     921
     928
     879
     886
     892
     888
     895
     953
     857
     885
     923
     890
     868
     879
     937
     931
     861
     880
     859
     886
     916
     868
     878
     886
     891
     906
     917
     896
     917
     866
     916
     925
     893
     913
     843
     903
     886
     906
     863
     873
     824
     867
     831
     903
     931
     876
     928
     850
     871
     827
     915
     870
     944
     867
     838
     869
     899
     921
     902
     865
     882
     916
     918
     845
     925
     895
     893
     857
     879
     902
     889
     891
     912
     867
     932
     851
     841
     892
     864
     842
     922
     873
     876
     928
     817
     894
     850
     900
     879
     885
     809
     885
     817
     856
     852
     928
     846
     871
     905
     849
     866
     825
     846
     880
     856
     869
     854
     894
     869
     851
     826
     848
     908
     897
     870
     861
     885
     799
     856
     838
     834
     850
     833
     837
     891
     894
     825
     852
     835
     840
     811
     836
     802
     879
     820
     809
     857
     784
     785
     836
     817
     860
     872
     829
     855
     779
     833
     794
     817
     811
     846
     846
     820
     804
     828
     838
     808
     813
     776
     812
     774
     832
     826
     780
     842
     766
     802
     752
     759
     762
     796
     816
     773
     797
     790
     712
     803
     758
     685
     729
     777
     736
     780
     722
     787
     775
     690
     750
     717
     729
     764
     741
     734
     688
     662
     726
     692
     734
     771
     674
     670
     700
     730
     665
     688
     671
     651
     654
     667
     606
     641
     676
     611
     646
     669
     630
     559
     588
     595
     585
     562
     560
     607
     537
     586
     538
     514
     529
     526
     549
     557
     485
     518
     535
     489
     496
     464
     432
     506
     438
     418
     382
     379
     411
     402
     371
     325
     318
     298
     289
     288
     268
     263
     245
     238
     232
     184
     190
     182
     187
     166
     150
     145
     136
     139
     128
     134
     108
     103
     105
     112
     109
      88
     109
      90
      84
      97
      74
      68
      75
      88
      82
      74
      71
      77
      56
      63
      65
      78
      65
      60
      74
      59
      65
      55
      64
      60
      64
      66
      69
      52
      67
      62
      68
      71
      69
      68
      66
      60
      73
      64
      60
      67
      62
      69
      66
      55
      52
      56
      66
      57
      61
      66
      54
      47
      72
      66
      53
      53
      46
      67
      57
      61
      59
      70
      54
      51
      46
      71
      62
      49
      60
      38
      51
      47
      55
      57
      55
      60
      62
      56
      52
      52
      64
      59
      58
      52
      50
      49
      53
      49
      40
      44
      48
      56
      39
      44
      53
      46
      50
      35
      62
      43
      47
      48
      51
      50
      48
      52
      36
      49
      52
      50
      47
      47
      52
      44
      41
      41
      48
      39
      37
      44
      47
      42
      43
      54
      53
      47
      41
      40
      54
      42
      41
      47
      36
      41
      37
      32
      40
      45
      29
      27
      35
      38
      30
      32
      41
      46
      29
      32
      27
      27
      31
      28
      36
      23
      19
      34
      25
      27
      40
      27
      19
      14
      19
      24
      15
      19
      28
      25
      26
      15
      18
      28
      24
      25
      21
      10
      18
       6
      18
      14
      15
       8
       5
       9
       5
      12
       9
      13
       7
       8
       5
       4
       4
       5
       7
      10
       7
       6
       6
       1
       3
       6
       4
       2
       6
       6
       5
       7
       3
       1
       3
       3
       3
       1
       5
       6
       4
       5
       2
       2
       2
       3
       4
       7
       1
       4
       3
       1
       2
       0
       5
       1
       4
       4
       2
       3
       2
       3
       2
       3
       1
       3
       5
       2
       6
       4
       2
       0
       5
       3
       2
       1
       2
       3
       2
       1
       3
       5
       3
       0
       2
       1
       3
       4
       0
       3
       3
       4
       3
       5
       2
       5
       3
       3
       3
       2
       4
       0
       3
       0
       1
       1
       2
       2
       4
       3
       0
       0
       1
       3
       0
       2
       5
       0
       4
       3
       3
       2
       2
       2
       1
       6
       1
       3
       2
       2
       3
       4
       2
       3
       1
       3
       0
       2
       1
       2
       2
       6
       2
       3
       1
       1
       1
       3
       4
       3
       0
       1
       2
       1
       4
       1
       1
       5
       1
       1
       1
       1
       0
       2
       0
       1
       0
       0
       4
       0
       1
       2
       2
       2
       2
       3
       1
       2
       1
       1
       1
       3
       1
       1
       1
       0
       2
       1
       2
       0
       1
       2
       2
       0
       2
       3
       1
       1
       1
       3
       2
       0
       1
       3
       0
       1
       0
       0
       0
       0
       0
       1
       1
       0
       0
       1
       1
       2
       3
       1
       0
       1
       0
       0
       1
       0
       0
       0
       1
       0
       2
       0
       0
       1
       2
       0
       1
       2
       0
       0
       1
       2
       0
       2
       0
       0
       1
       2
       1
       0
       0
       1
       2
       1
       0
       1
       1
       0
       0
       2
       3
       1
       0
       0
       1
       0
       1
       1
       0
       0
       1
       0
       1
       1
       0
       1
       0
       2
       0
       2
       1
       1
       1
       1
       2
       0
       0
       1
       1
       2
       1
       0
       0
       2
       0
       1
       0
       0
       0
       0
       1
       1
       0
       1
       0
       1
       1
       0
       0
       1
       0
       0
       0
       0
       1
       0
       0
       2
       1
       1
       0
       1
       0
       1
       0
       0
       2
       0
       0
       0
       0
       1
       0
       1
       0
       0
       0
       0
       0
       1
       1
       0
       1
       0
       0
       1
       0
       0
       0
       1
       1
       0
       1
       0
       1
       0
       0
       0
       4
       2
       2
       1
       0
       1
       0
       0
       1
       0
       0
       1
       0
       0
       0
       0
       0
       1
       1
       0
       0
       0
       0
       0
       0
       0
       0
       1
       0
       1
       0
       0
       0
       0
       0
       0
       0
       1
       0
       0
       0
       0
       0
       0
       1
       1
       0
       1
       1
       0
       0
       1
       0
       1
       0
       1
       0
       0
       0
       0
       0
       0
       0
       0
       0
       0
       0
       0
       0
       2
       0
       0
       2
       0
       1
       0
       0
       0
       0
       1
       1
       1
       0
       0
       0
       0
       0
       0
       0
       0
       0
       0
       1
       0
       0
       0
       0
       0
       0
       1
       1
       0
       0
       1
       0
       1
       1
       0
       0
       0
       0
       0
       2
       1
       0
       1
       0
       0
       1
       1
       0
       1
       0
       0
       0
       0
       0
       0
       1
       0
       0
       0
       0
       0
       1
       0
       0
       0
       0
       0
       0
       0
       0
       0
       0
       0
       0
       1
       0
       1
       0
       0
       0
       1
       0
       0
       0
       0
       0
       0
       0
       0
       0
       1
       0
       0
       0
       0
       1
       0
       0
       0
       0
       0
       0
       0
       0
       0
       0
       0
       0
       0
       0
       1
       0
       0
       0
       0
       1
       1
       2
       0
       0
       0
       1
       0
       0
       0
       0
       0
       0
       0
       0
       0
       0
       0
       0
       0
       0
       0
       0
       0
       0
       0
       0
       0
       0
       0
       0
       0
       0
       0
       0
       0
       1
       0
       0
       0
       1
       0
       0
       0
       0
       0
       0
       0
       0
       0
       0
       0
       0
       0
       0
       0
       0
       0
       0
       0
       0
       0
       0
       0
       0
       0
       0
       0
       0
       0
       0
       0
       1
       0
       0
       0
       0
       0
       0
       0
       0
       0
       0
       0
       0
       1
       0
       0
       0
       0
       0
       0
       0
       0
       0
       0
       0
       0
       0
       0
       0
       0
       0
       0
       0
       0
       0
       0
       0
       0
       0
       0
       0
       0
       0
       0
       0
       0
       0
       0
       0
       0
       0
       0
       0
       0
       0
       0
       0
       0
       0
       1
       0
       0
       0
       0
       0
       0
       0
       0
       0
       1
       0
       0
       0
       0
       0
       0
       0
       0
       0
       0
       0
       0
       0
       0
       0
       0
       0
       0
       0
       0
       0
       0
       0
       0
       0
       0
       0
       0
       0
       0
       0
       0
       0
       0
       0
       0
       0
       0
       0
       0
       0
       1
       0
       0
       0
       0
       0
       0
       0
       0
       0
       0
       0
       0
       0
       0
       0
       0
       0
       0
       0
       0
       0
       0
       0
       0
       0
       0
       0
       0
       0
       0
       0
       0
       0
       0
       0
       0
       0
       0
       0
       0
       0
       0
       0
       0
       0
       0
       0
       0
       0
       0
       0
       0
       0
       0
       0
       0
       0
       0
       0
       0
       0
       0
       0
       0
       0
       0
       0
       0
       0
       0
       0
       0
       0
       0
       0
       0
       0
       1
       0
       0
       0
       0
       1
       0
       0
       0
       0
       0
       0
       0
       0
       0
       0
       0
       0
       0
       0
       0
       0
       0
       0
       0
       0
       0
       0
       0
       0
       0
       0
       0
       0
       0
       0
       0
       0
       0
       0
       0
       0
       0
       0
       0
       0
       0
       0
       0
       0
       0
       0
       0
       0
       0
       0
       0
       0
       0
       0
       0
       0
       0
       0
       0
       0
       0
       0
       0
       0
       0
       0
       0
       0
       0
       0
       0
       0
       0
       0
       0
       0
       0
       0
       0
       0
       0
       0
       0
       0
       0
       0
       0
       0
       0
       0
       0
       0
       0
       0
       0
       0
       0
       0
       0
       0
       0
       0
       0
       0
       0
       0
       0
       0
       0
       0
       0
       0
       0
       0
       0
       0
$ROI:
0
$PRESETS:
None
0
0
$ENER_FIT:
0.000000 0.000000
$MCA_CAL:
3
0.000000E+000 0.000000E+000 0.000000E+000 
$SHAPE_CAL:
3
0.000000E+000 0.000000E+000 0.000000E+000
