$SPEC_ID:
No sample description was entered.
$SPEC_REM:
DET# 1
DETDESC# Easy-MCA 2k Ser:11231609
AP# Maestro Version 7.01
$DATE_MEA:
04/27/2023 13:49:33
$MEAS_TIM:
2844 2871
$DATA:
0 2047
       0
       0
       0
       0
       0
       0
       0
       0
       0
       0
       0
       0
       0
       0
       0
       0
       0
       0
       0
       0
       0
       0
       0
       0
       0
       0
       0
       0
       0
       0
       0
       0
       0
       0
       0
       0
       0
       0
       0
       0
       0
       0
       0
       0
       0
       0
       0
       0
       0
       2
    1347
    1931
    1916
    1934
    1943
    1847
    1831
    1832
    1865
    1819
    1815
    1857
    1815
    1792
    1751
    1788
    1783
    1783
    1855
    1748
    1752
    1724
    1741
    1805
    1755
    1768
    1751
    1734
    1784
    1750
    1765
    1818
    1724
    1748
    1748
    1630
    1683
    1781
    1655
    1681
    1684
    1743
    1798
    1711
    1735
    1771
    1736
    1799
    1742
    1722
    1751
    1859
    1708
    1735
    1701
    1762
    1735
    1791
    1830
    1851
    1804
    1849
    1827
    1835
    1855
    1919
    2094
    2036
    2098
    2334
    2318
    2470
    2730
    2864
    3136
    3339
    3296
    3512
    3591
    3631
    3700
    3720
    3636
    3721
    3775
    3528
    3738
    3759
    3678
    3558
    3673
    3799
    3662
    3588
    3662
    3530
    3599
    3659
    3611
    3616
    3597
    3535
    3547
    3429
    3665
    3573
    3478
    3541
    3489
    3481
    3569
    3649
    3450
    3508
    3456
    3354
    3487
    3454
    3477
    3469
    3572
    3394
    3401
    3450
    3393
    3398
    3335
    3329
    3411
    3403
    3379
    3304
    3256
    3320
    3265
    3410
    3339
    3393
    3232
    3271
    3303
    3270
    3261
    3175
    3204
    3224
    3155
    3249
    3089
    3185
    3145
    3123
    3183
    3161
    3171
    3023
    3080
    3148
    3012
    3056
    3030
    3035
    2986
    3100
    3028
    2993
    2960
    3053
    3033
    3035
    2973
    3083
    3061
    2992
    2967
    3035
    2906
    2984
    2944
    2977
    2971
    3013
    2891
    2772
    2844
    2928
    2852
    2851
    2726
    2828
    2831
    2810
    2746
    2847
    2799
    2834
    2750
    2763
    2649
    2725
    2705
    2807
    2742
    2734
    2689
    2685
    2684
    2678
    2598
    2661
    2646
    2516
    2672
    2561
    2564
    2647
    2636
    2555
    2594
    2475
    2505
    2470
    2501
    2525
    2491
    2497
    2429
    2480
    2476
    2531
    2518
    2460
    2418
    2513
    2520
    2500
    2368
    2453
    2402
    2446
    2415
    2416
    2372
    2384
    2366
    2312
    2354
    2346
    2444
    2307
    2315
    2324
    2386
    2302
    2368
    2321
    2245
    2261
    2275
    2271
    2179
    2274
    2169
    2184
    2303
    2309
    2233
    2204
    2240
    2160
    2099
    2212
    2194
    2199
    2208
    2124
    2125
    2139
    2093
    2107
    2157
    2147
    2057
    2017
    2049
    2074
    2063
    2060
    1970
    2088
    2055
    2044
    2038
    1956
    2053
    1987
    1982
    1952
    2008
    1930
    1952
    1972
    1896
    1959
    1977
    1972
    2006
    1860
    1885
    1991
    1992
    1867
    2000
    1930
    1979
    1988
    1926
    1951
    1926
    1982
    2026
    2011
    1958
    2060
    2057
    2086
    2021
    2096
    2109
    2205
    2104
    2057
    2211
    2092
    2093
    2053
    2097
    2049
    1984
    2036
    1955
    1980
    1967
    1945
    1966
    1860
    1928
    1871
    1837
    1836
    1855
    1876
    1762
    1871
    1774
    1823
    1746
    1778
    1725
    1724
    1609
    1699
    1678
    1603
    1674
    1567
    1599
    1644
    1600
    1570
    1470
    1593
    1531
    1520
    1579
    1491
    1553
    1516
    1506
    1527
    1426
    1532
    1482
    1464
    1498
    1483
    1476
    1520
    1426
    1402
    1466
    1464
    1430
    1435
    1439
    1371
    1400
    1358
    1356
    1338
    1447
    1355
    1357
    1327
    1303
    1386
    1403
    1309
    1326
    1343
    1377
    1343
    1379
    1341
    1331
    1411
    1348
    1352
    1350
    1377
    1380
    1441
    1294
    1390
    1385
    1368
    1334
    1371
    1506
    1446
    1345
    1478
    1402
    1466
    1505
    1501
    1535
    1568
    1578
    1657
    1755
    1857
    2014
    2190
    2337
    2555
    2743
    3171
    3261
    3380
    3505
    3490
    3415
    3167
    2823
    2480
    2161
    1686
    1397
    1152
     964
     856
     689
     658
     607
     585
     547
     495
     509
     484
     510
     473
     530
     496
     519
     505
     500
     553
     523
     484
     504
     485
     519
     544
     495
     546
     514
     516
     559
     527
     492
     482
     512
     522
     494
     521
     497
     534
     528
     490
     479
     529
     470
     545
     542
     514
     520
     538
     534
     502
     535
     556
     517
     512
     549
     509
     561
     548
     534
     533
     527
     572
     540
     562
     575
     554
     518
     511
     529
     524
     490
     495
     512
     572
     540
     545
     567
     539
     557
     519
     532
     501
     561
     540
     534
     504
     524
     592
     546
     540
     550
     524
     540
     505
     470
     560
     513
     533
     493
     515
     512
     533
     558
     526
     565
     501
     533
     551
     549
     569
     536
     544
     537
     538
     530
     518
     561
     506
     531
     545
     540
     564
     526
     547
     534
     533
     529
     563
     515
     536
     548
     553
     487
     557
     541
     530
     540
     524
     547
     562
     513
     554
     547
     483
     569
     559
     570
     538
     543
     532
     526
     569
     553
     528
     542
     554
     538
     506
     565
     545
     561
     549
     517
     489
     553
     569
     522
     553
     533
     525
     544
     503
     546
     531
     562
     545
     537
     523
     544
     520
     565
     530
     548
     548
     530
     524
     517
     566
     542
     504
     521
     528
     551
     525
     541
     541
     544
     526
     553
     532
     520
     594
     582
     542
     552
     505
     561
     538
     516
     582
     558
     548
     536
     532
     573
     574
     567
     528
     535
     579
     544
     582
     538
     526
     569
     559
     532
     574
     556
     561
     558
     511
     508
     530
     580
     536
     542
     549
     499
     590
     531
     546
     519
     487
     521
     543
     562
     499
     547
     553
     533
     524
     540
     518
     515
     522
     597
     476
     576
     525
     515
     549
     530
     527
     534
     502
     547
     485
     597
     522
     490
     501
     525
     543
     543
     538
     504
     538
     536
     503
     589
     525
     509
     477
     545
     518
     489
     506
     549
     525
     510
     564
     525
     544
     556
     505
     483
     521
     513
     509
     474
     529
     480
     510
     515
     543
     507
     498
     535
     501
     459
     497
     538
     499
     548
     518
     475
     524
     528
     482
     520
     486
     453
     444
     485
     483
     467
     513
     504
     469
     520
     490
     446
     520
     487
     483
     533
     492
     499
     458
     484
     482
     492
     488
     503
     495
     497
     475
     495
     436
     496
     413
     496
     450
     499
     482
     468
     464
     458
     486
     438
     477
     468
     487
     463
     458
     455
     442
     458
     434
     415
     439
     433
     402
     451
     418
     452
     425
     369
     392
     403
     413
     372
     397
     349
     391
     415
     330
     312
     400
     320
     373
     350
     361
     334
     360
     335
     327
     327
     296
     309
     290
     291
     295
     254
     295
     282
     245
     259
     232
     202
     232
     214
     224
     214
     201
     198
     168
     171
     148
     156
     148
     130
     137
      96
      92
      88
      82
      73
      63
      69
      55
      52
      58
      66
      41
      43
      32
      37
      43
      36
      46
      31
      38
      30
      24
      33
      34
      35
      39
      41
      40
      47
      36
      33
      34
      36
      27
      30
      40
      38
      37
      48
      33
      37
      29
      41
      28
      42
      38
      33
      37
      31
      32
      34
      44
      32
      36
      36
      31
      32
      21
      36
      39
      33
      37
      22
      33
      32
      39
      39
      41
      37
      35
      34
      38
      32
      30
      28
      36
      32
      34
      41
      43
      16
      29
      35
      36
      30
      35
      24
      39
      30
      26
      20
      28
      30
      30
      32
      31
      38
      29
      36
      29
      33
      33
      28
      29
      35
      32
      31
      32
      27
      31
      24
      30
      32
      29
      27
      35
      28
      30
      36
      30
      20
      31
      25
      21
      30
      31
      18
      27
      26
      26
      23
      31
      23
      27
      24
      26
      26
      17
      18
      24
      19
      21
      26
      29
      33
      17
      26
      20
      33
      26
      24
      17
      22
      26
      20
      25
      19
      21
      21
      26
      17
      18
      19
      15
      18
      24
      18
      27
      15
      22
      20
      15
      15
      13
      17
      30
      12
      13
      18
      14
      18
      12
       8
      21
      12
      18
       9
      13
      15
      16
       8
       6
       8
       3
       9
      10
       6
       3
       4
       4
       4
       5
       1
       5
       5
       5
       3
       6
       2
       1
       2
       1
       1
       1
       0
       1
       1
       1
       0
       0
       1
       1
       0
       2
       1
       0
       0
       1
       1
       1
       0
       0
       1
       0
       1
       1
       1
       0
       1
       0
       0
       1
       0
       1
       1
       1
       1
       2
       0
       0
       1
       0
       1
       2
       1
       0
       0
       0
       0
       1
       0
       1
       0
       0
       0
       1
       1
       0
       1
       1
       1
       1
       0
       0
       0
       0
       2
       1
       0
       0
       1
       0
       2
       2
       0
       1
       0
       2
       0
       2
       0
       1
       1
       0
       1
       0
       0
       2
       0
       0
       0
       2
       1
       0
       3
       0
       0
       0
       2
       0
       0
       0
       0
       0
       2
       0
       0
       0
       0
       1
       0
       1
       0
       0
       1
       2
       2
       0
       1
       0
       0
       0
       0
       0
       2
       0
       0
       0
       2
       2
       0
       0
       2
       0
       0
       0
       0
       0
       0
       1
       0
       0
       1
       1
       0
       1
       0
       0
       0
       0
       0
       0
       1
       0
       0
       0
       1
       0
       2
       0
       1
       0
       0
       1
       0
       1
       0
       0
       0
       0
       0
       0
       1
       1
       1
       1
       2
       0
       0
       0
       0
       1
       0
       0
       0
       1
       0
       0
       0
       0
       0
       0
       0
       0
       0
       0
       0
       0
       0
       1
       0
       0
       1
       1
       0
       0
       1
       0
       0
       1
       0
       0
       0
       0
       1
       0
       0
       0
       0
       0
       0
       0
       1
       0
       0
       0
       0
       0
       0
       0
       0
       0
       0
       0
       0
       0
       0
       0
       0
       0
       0
       0
       0
       0
       0
       2
       0
       0
       1
       0
       0
       0
       0
       0
       0
       0
       0
       0
       0
       1
       0
       0
       0
       0
       0
       2
       0
       0
       1
       0
       0
       0
       0
       0
       0
       0
       0
       1
       0
       0
       0
       0
       1
       0
       0
       0
       0
       0
       1
       0
       0
       0
       1
       0
       0
       0
       1
       0
       0
       0
       0
       0
       0
       0
       0
       0
       0
       0
       0
       0
       0
       0
       0
       0
       0
       0
       0
       0
       1
       0
       0
       0
       0
       0
       0
       0
       0
       0
       0
       0
       0
       0
       0
       0
       0
       0
       0
       0
       1
       0
       0
       0
       0
       0
       0
       0
       1
       0
       0
       0
       1
       0
       0
       0
       1
       0
       0
       0
       0
       0
       0
       0
       0
       0
       0
       0
       0
       0
       0
       0
       1
       0
       0
       0
       0
       0
       0
       0
       0
       0
       0
       0
       0
       1
       0
       0
       0
       0
       0
       0
       0
       0
       1
       0
       1
       0
       0
       0
       1
       1
       0
       0
       0
       0
       1
       1
       0
       0
       0
       0
       0
       0
       0
       0
       0
       0
       0
       0
       0
       0
       0
       0
       0
       0
       0
       0
       0
       0
       0
       0
       0
       0
       0
       0
       0
       0
       0
       0
       0
       0
       0
       0
       0
       0
       0
       0
       0
       0
       0
       0
       1
       0
       0
       0
       1
       1
       0
       0
       0
       0
       0
       0
       1
       0
       0
       0
       0
       0
       0
       0
       0
       0
       0
       0
       0
       0
       0
       0
       1
       0
       0
       0
       0
       0
       0
       0
       0
       0
       0
       0
       0
       0
       0
       0
       0
       0
       0
       0
       0
       0
       0
       0
       0
       0
       0
       0
       0
       0
       0
       0
       0
       0
       0
       0
       0
       0
       0
       0
       0
       0
       0
       0
       1
       0
       0
       0
       0
       0
       0
       0
       0
       0
       0
       0
       1
       0
       0
       0
       0
       0
       0
       0
       0
       0
       0
       0
       0
       0
       0
       0
       0
       0
       0
       0
       0
       0
       0
       0
       0
       0
       0
       0
       0
       0
       0
       0
       0
       0
       0
       0
       1
       0
       1
       0
       0
       0
       0
       0
       0
       0
       0
       0
       0
       0
       0
       0
       0
       0
       0
       0
       0
       0
       0
       0
       0
       0
       0
       0
       0
       0
       0
       0
       0
       0
       0
       0
       0
       0
       0
       0
       0
       0
       0
       0
       0
       0
       0
       0
       0
       0
       0
       0
       0
       0
       0
       0
       0
       0
       0
       0
       0
       0
       0
       0
       0
       0
       0
       0
       0
       0
       0
       0
       0
       0
       0
       0
       0
       1
       0
       0
       0
       0
       0
       0
       0
       0
       0
       0
       0
       0
       0
       0
       0
       0
       0
       0
       0
       0
       0
       0
       0
       0
       0
       0
       0
       0
       0
       0
       0
       0
       0
       0
       0
       0
       0
       0
       0
       0
       0
       0
       0
       0
       0
       0
       0
       0
       0
       0
       0
       0
       0
       0
       0
       0
       0
       0
       0
       0
       0
       0
       0
       0
       0
       0
       0
       0
       0
       0
       0
       0
       0
       0
       0
       0
       0
       0
       0
       0
       0
       0
       0
       0
       0
       0
       0
       0
       0
       0
       0
       0
       0
       0
       0
       0
       0
       0
       0
       0
       0
       0
       0
       0
       0
       0
       0
       0
       0
       0
       0
       0
       0
       0
       0
       0
       0
       0
       0
       0
       0
       0
       0
       0
       0
       0
       0
       0
       0
       0
       0
       0
       0
       0
       0
       0
       0
       0
       0
       0
       0
       0
       0
       0
       0
       0
       0
       0
       0
       0
       0
       0
       0
       0
       0
       0
       0
       0
       0
       0
       0
       0
       0
       0
       0
       0
       0
       0
       0
       0
       0
       0
       0
       0
       0
       0
       0
       0
       0
       0
       0
       0
       0
       0
       0
       0
       0
       0
       0
       0
       0
       0
       0
       0
       0
       0
       0
       0
       0
       0
       0
       0
       0
       0
       0
       0
       0
       0
       0
       0
       0
       0
       0
       0
       0
       0
       0
       0
       0
       0
       0
       0
       0
       0
       0
       0
       0
       0
       0
       0
       0
       0
       0
       0
       0
       0
       0
       0
       0
       0
       0
       0
       0
       0
       0
       0
       0
       0
       0
       0
       0
       0
       0
       0
       0
       0
$ROI:
0
$PRESETS:
None
0
0
$ENER_FIT:
0.000000 2.517201
$MCA_CAL:
3
0.000000E+000 2.517201E+000 0.000000E+000 keV
$SHAPE_CAL:
3
6.809550E+001 0.000000E+000 0.000000E+000
