# BEGINHEADER
# This file contains data from the SALSA 2m radio telescope.
# DATE=2023-11-14T14:59:0021
# GLON and GLAT given in degrees
# GLON=49.76382112884649
# GLAT=0.1487704423529002
# DATA in two columns below. Col. 1 is velocity relative to LSR [km/s]. Col. 2 is uncalibrated antenna temperature [K].
# ENDHEADER
261.77731569847765 -1.8852079129076078
259.71617174787906 -3.0318117859184195
257.6550277972804 -4.820743698154785
255.59388384668176 -3.250842852502147
253.53273989608314 -2.4062948230518653
251.47159594548447 -4.321747314951107
249.41045199488585 -3.2572056694178193
247.3493080442872 0.07734197896458297
245.28816409368858 -3.447253888781209
243.2270201430899 -2.2187773133062265
241.16587619249128 -1.3530800610166052
239.10473224189263 -1.354775576009084
237.04358829129401 -0.7546090253739786
234.98244434069537 -2.364191783799982
232.92130039009672 -2.6192062866487107
230.86015643949807 -2.036889879106077
228.79901248889945 -1.36868216511421
226.7378685383008 -2.7740956530707384
224.67672458770218 -1.889600308173534
222.6155806371035 -2.627414184415186
220.55443668650486 -2.350085623425607
218.49329273590624 -2.4796529857180722
216.4321487853076 -2.826844060131394
214.37100483470897 -3.021671615396545
212.3098608841103 -1.144024221491296
210.24871693351167 -2.91694652569015
208.18757298291303 -3.0056243913107377
206.1264290323144 -2.8831840601309966
204.06528508171573 -2.683795235989779
202.0041411311171 -2.3292069177989347
199.94299718051846 -2.612615550784052
197.88185322991984 -2.1633258940832345
195.8207092793212 -1.7880486084987792
193.75956532872254 -2.505247617439015
191.6984213781239 -2.4224410997477004
189.63727742752528 -2.3359708434814115
187.57613347692663 -4.134499101514143
185.51498952632798 -2.6018104528939956
183.45384557572933 -3.4141727508825
181.39270162513068 -4.206475302435571
179.33155767453206 -2.7896174339662227
177.27041372393342 -3.091378832009551
175.20926977333477 -3.345883001206906
173.14812582273612 -3.3597297819828476
171.0869818721375 -1.838536337104886
169.02583792153885 -2.2238955049920386
166.96469397094023 -2.6647042148269873
164.90355002034156 -3.7867972686773923
162.84240606974294 -4.159379041250772
160.7812621191443 -3.9757442865311976
158.72011816854567 -4.23608553418499
156.65897421794702 -4.913731378860935
154.59783026734837 -4.924580288996043
152.53668631674972 -4.675241479031953
150.4755423661511 -4.654932821046844
148.41439841555245 -5.498098473822063
146.35325446495378 -4.091112564808626
144.29211051435516 -4.1460201825123555
142.2309665637565 -4.949892314223526
140.1698226131579 -4.461331593609056
138.10867866255924 -3.544189762770673
136.0475347119606 -3.7210364421418416
133.98639076136195 -4.285270461740441
131.92524681076333 -5.36419502570863
129.86410286016468 -6.412879063367917
127.80295890956603 -3.049251817151836
125.7418149589674 -4.619014754318322
123.68067100836875 -5.54159756557987
121.61952705777011 -4.770985510446748
119.55838310717147 -5.894396045318956
117.49723915657283 -5.870644072564827
115.4360952059742 -5.20127487202198
113.37495125537555 -4.310208290461943
111.31380730477692 -6.419115355403672
109.25266335417827 -5.024214216191485
107.19151940357963 -5.723878811638106
105.13037545298099 -6.085136155432006
103.06923150238235 -4.5334924738824505
101.00808755178372 -5.70587137130306
98.94694360118508 -4.317336255586403
96.88579965058645 -3.669866484667988
94.8246556999878 -5.489008322129077
92.76351174938917 -5.169751973706676
90.70236779879052 -4.257847147666078
88.64122384819187 -6.354554393375686
86.58007989759322 -4.0743777417673295
84.51893594699459 -4.9921414200373375
82.45779199639595 -4.653060289127663
80.3966480457973 -1.3744206455053258
78.33550409519867 -2.6556388421879356
76.27436014460002 -1.7957732431849058
74.21321619400139 0.6774520693370512
72.15207224340274 3.4281504486551286
70.09092829280411 9.566385809267109
68.02978434220547 16.731288782219867
65.96864039160683 23.72741759211993
63.907496441008185 31.808197104327505
61.84635249040955 38.26740247040812
59.7852085398109 45.35237036327548
57.72406458921226 51.28442053496945
55.66292063861362 59.50139952064054
53.60177668801498 61.14510397828528
51.54063273741634 66.11216492840047
49.4794887868177 70.13797520490746
47.418344836219056 70.05113552018359
45.357200885620415 69.12448373594871
43.296056935021774 67.72997421335761
41.234912984423126 65.26208306724976
39.173769033824485 59.349956465221005
37.11262508322585 55.4644587065232
35.05148113262721 52.73095643643059
32.99033718202857 51.101326800825966
30.929193231429927 52.10548194386993
28.868049280831286 52.26223748090918
26.80690533023265 54.908782505335765
24.745761379634004 60.21873588633776
22.684617429035363 66.49524609492381
20.623473478436726 69.38883661711198
18.562329527838084 67.27090310720256
16.50118557723944 64.31583797721534
14.4400416266408 63.72188450594398
12.378897676042161 70.19802443427304
10.31775372544352 78.98650519464698
8.256609774844879 88.34637516116342
6.195465824246239 87.52964042896885
4.134321873647598 84.55374496274942
2.0731779230489567 73.98579967749987
0.012033972450315872 58.15491676855044
-2.049109978148325 39.30637926985189
-4.110253928746966 29.1745132001195
-6.171397879345607 20.897182556654244
-8.232541829944246 15.924901477125578
-10.293685780542889 12.21574709178593
-12.354829731141528 8.420712395699159
-14.41597368174017 7.416553858068702
-16.47711763233881 6.013072024146345
-18.53826158293745 5.505057561225958
-20.59940553353609 4.837641799819497
-22.660549484134734 3.942607457383561
-24.721693434733375 3.555617995056216
-26.782837385332016 6.141075894480665
-28.843981335930653 7.572300455062209
-30.905125286529294 8.853867302785897
-32.96626923712793 11.241655137093352
-35.02741318772657 12.452534023999547
-37.08855713832522 12.458897451605909
-39.14970108892386 15.709938802842402
-41.2108450395225 19.43209208750438
-43.271988990121145 21.01300735466881
-45.33313294071978 22.1451951210537
-47.39427689131842 24.883196044003245
-49.45542084191706 27.012551661494992
-51.516564792515695 28.199051856531902
-53.577708743114336 27.847484384910235
-55.63885269371298 27.774224067858242
-57.699996644311625 25.33306270108099
-59.761140594910266 22.980763006436327
-61.8222845455089 20.558240231449172
-63.88342849610754 19.132631155359128
-65.94457244670619 15.170954960765949
-68.00571639730484 13.940193609964037
-70.06686034790347 10.129315920565533
-72.1280042985021 6.18833000317005
-74.18914824910075 7.590782485334999
-76.25029219969939 5.813553545131053
-78.31143615029804 2.539928080959831
-80.37258010089667 1.9036577066257416
-82.4337240514953 0.8043917577416702
-84.49486800209395 0.3231127442641261
-86.55601195269259 -2.104728618300587
-88.61715590329123 -2.0617578952337445
-90.67829985388987 -3.158505537231887
-92.73944380448852 -4.277906290760276
-94.80058775508715 -7.412259474682555
-96.86173170568578 -7.174654391893831
-98.92287565628443 -5.659957158303305
-100.98401960688308 -6.984127234267804
-103.04516355748173 -6.664557858062247
-105.10630750808038 -6.717308632380119
-107.16745145867901 -7.113249095789606
-109.22859540927766 -6.63013785881184
-111.2897393598763 -6.940787860328286
-113.35088331047494 -8.288184602799065
-115.41202726107358 -7.433560336864867
-117.47317121167221 -6.1727843485466485
-119.53431516227086 -7.1377663862431335
-121.59545911286949 -8.376783560484814
-123.65660306346814 -8.527735019766457
-125.71774701406677 -7.367385601609726
-127.77889096466542 -6.306806065268394
-129.84003491526406 -7.644018387595786
-131.9011788658627 -6.311161383131769
-133.96232281646132 -8.358628183155233
-136.02346676706 -7.561953294390698
-138.08461071765862 -7.86668657009514
-140.14575466825727 -6.680085552280155
-142.2068986188559 -5.593137899058601
-144.26804256945456 -7.322760038727633
-146.32918652005318 -6.270814283974267
-148.39033047065183 -7.385884749403026
-150.45147442125045 -5.702158278081721
-152.5126183718491 -6.655663262767111
-154.57376232244775 -5.665521683128192
-156.6349062730464 -6.511463480496155
-158.69605022364502 -5.922228285934866
-160.75719417424366 -6.827777433061832
-162.8183381248423 -7.5785801292724555
-164.87948207544096 -5.7766866155864385
-166.9406260260396 -6.606440426308153
-169.00176997663823 -7.254992309775408
-171.06291392723688 -7.229980228417567
-173.1240578778355 -6.745052408479235
-175.18520182843417 -5.2405714038232905
-177.2463457790328 -5.894088068907443
-179.30748972963144 -7.786297855060763
-181.36863368023006 -7.401667482446423
-183.42977763082874 -6.2078425784547235
-185.49092158142736 -6.854123028396535
-187.552065532026 -6.5662515753132356
-189.61320948262463 -6.153297261421782
-191.67435343322327 -5.177896228762874
-193.73549738382192 -5.569260298977932
-195.79664133442057 -6.74796360259349
-197.8577852850192 -6.418827507268368
-199.91892923561784 -7.8287559420765565
-201.9800731862165 -7.074923339889475
-204.04121713681513 -5.656222493617347
-206.10236108741378 -5.976183605919135
-208.1635050380124 -6.17719759435464
-210.22464898861105 -7.0401941395701995
-212.2857929392097 -5.395745981648103
-214.34693688980835 -6.284174690560739
-216.40808084040697 -7.286748769383535
-218.46922479100562 -4.901172672086698
-220.53036874160424 -6.518611129562424
-222.5915126922029 -5.293290136500997
-224.65265664280153 -7.13149238444961
-226.71380059340018 -6.313245565240893
-228.7749445439988 -4.946236184557951
-230.83608849459745 -5.7368869924074835
-232.8972324451961 -5.583704981426373
-234.95837639579474 -5.5101700265996545
-237.01952034639336 -5.687719209232592
-239.080664296992 -6.660222051898646
-241.1418082475907 -5.75474142669753
-243.2029521981893 -6.254061353367623
-245.26409614878796 -6.792403763300303
-247.32524009938658 -5.025917174115215
-249.38638404998522 -6.610045862819116
-251.44752800058387 -5.615925367929846
-253.50867195118252 -4.838476314894566
-255.56981590178114 -5.938747901271875
-257.63095985237976 -5.062494303166369
-259.6921038029784 -4.503253827300393
-261.75324775357706 -4.457884987189487
-263.8143917041757 -3.79552078675193
