# BEGINHEADER
# This file contains data from the SALSA 2m radio telescope.
# DATE=2023-11-14T15:05:0017
# GLON and GLAT given in degrees
# GLON=59.84133397871835
# GLAT=0.1673145161297897
# DATA in two columns below. Col. 1 is velocity relative to LSR [km/s]. Col. 2 is uncalibrated antenna temperature [K].
# ENDHEADER
262.9305474777168 -0.8257598172408352
260.8694035271182 -2.5004853589937803
258.80825957651956 -3.2928173489740704
256.7471156259209 -3.7420743588404175
254.6859716753223 -2.418780726018493
252.62482772472364 -1.0148433741850555
250.56368377412502 -0.563302468713078
248.50253982352635 -0.8326627053469078
246.4413958729277 -2.5002039703310843
244.38025192232908 -0.3000002543304783
242.31910797173043 0.4921265035581175
240.2579640211318 -1.1525287215523459
238.19682007053314 8.044476623193365e-05
236.13567611993452 -1.8559797012024566
234.07453216933587 -1.743476729290946
232.01338821873725 -0.8744737618230324
229.9522442681386 -0.5090293968180397
227.89110031753995 -0.8156939410810451
225.8299563669413 -2.1256734249566325
223.76881241634268 -2.9670533928199374
221.70766846574404 -2.9519831678564965
219.64652451514542 -1.3938543201933657
217.58538056454674 -1.326723012678767
215.52423661394812 -0.5325237629834654
213.46309266334947 -0.10867034456915571
211.40194871275085 -2.7851298859414766
209.34080476215217 -2.07913670560089
207.27966081155353 -1.52054295917922
205.2185168609549 -1.008268576268819
203.15737291035626 -2.7775323242502648
201.09622895975764 -3.9456220408717098
199.03508500915896 -1.4066372521129
196.97394105856034 -2.1860891084104113
194.9127971079617 -2.7873396364038894
192.85165315736307 -1.2594628462005217
190.79050920676443 -1.7395805207278074
188.72936525616578 -3.130524450531753
186.66822130556713 -0.9098413783160626
184.6070773549685 -2.0165313973224026
182.54593340436986 -3.8827100094555402
180.4847894537712 -2.4151601505248252
178.42364550317257 -2.9606486630896587
176.36250155257395 -2.2687561592882375
174.3013576019753 -3.6775070454068235
172.24021365137668 -3.6870450429481134
170.179069700778 -2.1496886336290495
168.11792575017935 -2.8893329896581736
166.05678179958073 -4.1076827176507695
163.99563784898208 -4.114375219386148
161.93449389838347 -3.6046318014267476
159.8733499477848 -3.9887283391451924
157.81220599718617 -1.2722981395857618
155.75106204658752 -2.1646446478460737
153.6899180959889 -2.126058929297688
151.62877414539022 -3.609231468780516
149.5676301947916 -5.293072753886721
147.50648624419296 -2.1515976413986233
145.44534229359434 -3.7031915114626948
143.3841983429957 -4.906149512100473
141.32305439239704 -4.293317532146822
139.2619104417984 -3.1752197885594238
137.20076649119977 -3.3047318339389964
135.13962254060112 -5.901556365809088
133.07847859000248 -2.8336742190364985
131.01733463940383 -3.4263520925945183
128.95619068880518 -3.8889532291325777
126.89504673820656 -4.944204009402011
124.83390278760791 -5.446647462286353
122.77275883700928 -5.365650545363277
120.71161488641064 -6.053171037220777
118.650470935812 -5.524887240481162
116.58932698521336 -5.942808909210638
114.5281830346147 -5.9038709814894315
112.46703908401606 -5.175592400171965
110.40589513341742 -4.188761116280721
108.34475118281878 -4.834714134349556
106.28360723222015 -6.095007059050621
104.2224632816215 -6.82435409418908
102.16131933102287 -4.974211067811435
100.10017538042422 -4.897291969361917
98.03903142982558 -5.190307754416099
95.97788747922695 -5.626738608641518
93.9167435286283 -4.255915379597064
91.85559957802967 -4.678947897505777
89.79445562743102 -3.6865450825430797
87.73331167683239 -5.151525334404079
85.67216772623374 -6.926217588060395
83.6110237756351 -4.374639983125829
81.54987982503647 -3.4747984383073582
79.48873587443782 -4.52336265615232
77.42759192383919 -5.561233172730974
75.36644797324053 -5.941406703788602
73.30530402264189 -5.383977634500389
71.24416007204324 -5.3471322290390315
69.18301612144461 -5.7545288721895345
67.12187217084598 -5.569298980313369
65.06072822024733 -5.2713291127450965
62.999584269648686 -5.444746340680263
60.93844031905005 -3.5337642754432506
58.87729636845141 -5.227948401297045
56.81615241785277 -4.196895462309966
54.75500846725413 -3.5143986560072356
52.69386451665549 -1.7294505367176545
50.63272056605685 -1.6164497295113764
48.571576615458206 2.1401122082573707
46.51043266485956 4.145764124089114
44.449288714260916 9.27055898108581
42.388144763662275 14.524136649015471
40.327000813063634 17.05035345621797
38.26585686246499 24.907429108855816
36.20471291186636 32.57129613869877
34.14356896126772 39.761802112930305
32.08242501066908 49.53897290163935
30.021281060070432 54.79662199514275
27.96013710947179 63.542645231221684
25.898993158873154 69.90609778203462
23.837849208274516 71.12781445652988
21.77670525767587 74.8037127143527
19.71556130707723 76.42944824490617
17.654417356478593 78.49604254216466
15.59327340587995 84.34769011446748
13.532129455281309 90.44287858451001
11.470985504682668 93.248132663316
9.409841554084027 99.7886236371615
7.348697603485387 102.00626861809396
5.2875536528867455 95.49094388071383
3.2264097022881044 83.95656863651345
1.1652657516894638 70.93364709795608
-0.895878198909177 56.801544989301675
-2.9570221495078175 51.50998855661634
-5.018166100106459 46.0545187665035
-7.079310050705099 39.36969631551293
-9.140454001303741 35.48946929621247
-11.20159795190238 32.31627604540733
-13.26274190250102 32.236318129234455
-15.323885853099661 28.9420605909825
-17.385029803698302 24.37464704286212
-19.446173754296943 21.213522584295774
-21.507317704895584 16.36540651186215
-23.56846165549422 13.536250597110973
-25.62960560609287 10.41234747154017
-27.69074955669151 7.899745758134995
-29.75189350729015 7.081681029224863
-31.81303745788879 3.5715450493838947
-33.87418140848743 4.074671542918096
-35.93532535908607 3.366107786392856
-37.99646930968471 3.247385485371348
-40.057613260283354 3.314249696704591
-42.118757210881995 4.6984067204823985
-44.179901161480636 4.778799611685599
-46.24104511207927 8.068722071200373
-48.30218906267791 12.077409706938681
-50.36333301327655 16.568972159290162
-52.42447696387519 20.035082414540433
-54.485620914473834 23.37992001076962
-56.546764865072475 25.61547012269721
-58.60790881567112 30.044277387125053
-60.66905276626976 35.23964095919917
-62.7301967168684 37.20075985495078
-64.79134066746704 39.71162620374342
-66.85248461806567 38.88717852289725
-68.91362856866432 36.51004343237782
-70.97477251926296 36.288343097994094
-73.03591646986159 31.851982351662645
-75.09706042046024 28.32184578768273
-77.15820437105887 24.852535007889326
-79.21934832165753 20.88625035793377
-81.28049227225617 15.245738711683602
-83.34163622285482 12.61794454507146
-85.40278017345345 10.017955307873786
-87.46392412405208 6.926704691209064
-89.52506807465073 3.8982543370941882
-91.58621202524937 2.941045460052603
-93.64735597584801 2.030244904199741
-95.70849992644665 -0.38385755265978
-97.76964387704528 -0.3208011130032453
-99.83078782764393 -1.3843877987162352
-101.89193177824257 -1.7512545299256268
-103.95307572884121 -2.4473996510448277
-106.01421967943985 -2.8264590502299627
-108.0753636300385 -3.1650233594822366
-110.13650758063713 -3.4555945157055183
-112.19765153123576 -3.4518974580635837
-114.25879548183441 -4.449609552511328
-116.31993943243305 -7.173946611936862
-118.38108338303171 -6.518366829723384
-120.44222733363034 -6.031404753251598
-122.50337128422899 -5.466659792992906
-124.56451523482762 -7.608020894184766
-126.62565918542626 -6.891404761928872
-128.6868031360249 -5.169631371798736
-130.74794708662353 -7.576820899749679
-132.80909103722217 -4.987089735858366
-134.87023498782082 -5.918587329577958
-136.93137893841944 -6.049522113673014
-138.99252288901812 -3.584703715258117
-141.05366683961677 -5.187636380162264
-143.1148107902154 -6.184738295374332
-145.17595474081403 -7.828930329428505
-147.23709869141265 -6.404877104858502
-149.29824264201133 -6.490055824880256
-151.35938659260995 -6.707451961824488
-153.4205305432086 -6.208581880173456
-155.48167449380722 -5.668488710998055
-157.54281844440587 -6.892966756397252
-159.60396239500452 -6.532891557878956
-161.66510634560316 -5.754501239153002
-163.72625029620178 -5.084041403133477
-165.78739424680043 -7.0547037638283605
-167.84853819739905 -6.18618163111413
-169.90968214799773 -4.580762001321995
-171.97082609859635 -4.408467086975938
-174.031970049195 -4.68130628411179
-176.09311399979362 -5.492000984983419
-178.1542579503923 -5.811786126781055
-180.21540190099094 -6.110888866597661
-182.27654585158956 -4.373508833197656
-184.3376898021882 -5.674369944793129
-186.39883375278683 -4.686135989407293
-188.4599777033855 -5.26377125160459
-190.52112165398412 -5.0599106077963425
-192.58226560458277 -4.347307186290208
-194.6434095551814 -3.8008602680984556
-196.70455350578004 -4.350937399015495
-198.7656974563787 -5.38883945144297
-200.82684140697734 -3.6051541648715872
-202.88798535757596 -4.76752777783195
-204.9491293081746 -5.5117313928386835
-207.01027325877325 -5.726091950170229
-209.0714172093719 -4.329582165857327
-211.13256115997052 -5.096076515132975
-213.19370511056917 -6.050027415574205
-215.25484906116782 -5.901246118930495
-217.31599301176647 -5.276886094391325
-219.3771369623651 -4.095455051012072
-221.43828091296373 -5.897430733124637
-223.49942486356238 -4.8653956769219295
-225.560568814161 -5.900413997357365
-227.62171276475968 -4.1970756270694265
-229.6828567153583 -3.8632706587854617
-231.74400066595695 -5.838054284995124
-233.80514461655557 -4.663991747790027
-235.86628856715424 -5.4244680998791335
-237.92743251775286 -4.316220578837944
-239.9885764683515 -6.096541275563184
-242.04972041895013 -4.49294606794719
-244.11086436954878 -4.430441285008361
-246.17200832014743 -4.935713256683357
-248.23315227074607 -4.625534917541284
-250.2942962213447 -6.739568645517202
-252.35544017194334 -4.553846899333077
-254.416584122542 -3.707108475297675
-256.47772807314067 -1.1494424791025768
-258.53887202373926 -3.3668362816173265
-260.6000159743379 -2.7472517641327086
-262.66115992493656 -3.9057254747835097
