# BEGINHEADER
# This file contains data from the SALSA 2m radio telescope.
# DATE=2023-11-14T15:10:0005
# GLON and GLAT given in degrees
# GLON=69.79997012451018
# GLAT=0.11062279702820872
# DATA in two columns below. Col. 1 is velocity relative to LSR [km/s]. Col. 2 is uncalibrated antenna temperature [K].
# ENDHEADER
264.09896283982636 -1.528897646358613
262.0378188892277 -3.5855502704586177
259.9766749386291 -1.5019273978928211
257.91553098803047 -2.988460698927083
255.85438703743182 -0.9235432073807623
253.7932430868332 -3.043458856425948
251.73209913623452 -0.4589336414955531
249.6709551856359 -1.0972056656957516
247.60981123503726 -2.2043869539179295
245.54866728443864 -1.218191951681695
243.48752333383996 -0.7102406027646829
241.42637938324134 -2.1200558399629417
239.3652354326427 -0.6521992104470848
237.30409148204404 -1.8944306170805847
235.24294753144542 -1.9095643209890099
233.18180358084675 -0.40965035943129147
231.12065963024813 -1.2604969188830415
229.05951567964948 -1.576442895984935
226.99837172905086 -2.0353987384975314
224.9372277784522 -2.735533459426191
222.87608382785356 -1.64328582217925
220.81493987725491 -1.7276423121370632
218.7537959266563 -0.8684564688421724
216.69265197605765 0.04000092783911576
214.63150802545903 -0.5378799934950688
212.57036407486035 -1.9079869441127835
210.50922012426173 -2.1653442564581757
208.44807617366308 -2.151786031324265
206.38693222306446 -1.3909337040453846
204.3257882724658 -0.9151551333215717
202.26464432186717 -1.2337633600776146
200.20350037126852 -1.4389733008854995
198.1423564206699 -3.488204890166251
196.08121247007125 -1.1131819676035801
194.0200685194726 -1.493323202166426
191.95892456887398 -3.519023569439152
189.89778061827533 -3.4576361426496574
187.83663666767671 -2.4785284093307793
185.77549271707804 -1.1058334323466348
183.71434876647942 -2.889449558033434
181.65320481588077 -1.3524439294766424
179.59206086528215 -1.9263736773976825
177.53091691468347 -3.959345411308035
175.46977296408485 -3.58655876698059
173.4086290134862 -2.4303196971550896
171.34748506288759 -3.7393446168942064
169.28634111228894 -2.4522080373954513
167.2251971616903 -2.7271307873355206
165.16405321109164 -3.6403917282284888
163.10290926049302 -2.311719653215896
161.04176530989437 -2.6213018621944553
158.98062135929572 -3.487355341865134
156.91947740869708 -4.059075812106905
154.85833345809843 -2.988805274041773
152.7971895074998 -4.078835220310669
150.73604555690116 -4.286126606667841
148.6749016063025 -2.3796341793217657
146.61375765570386 -2.8763719692369114
144.55261370510524 -3.856552936918765
142.4914697545066 -3.464486204646181
140.43032580390798 -3.502576788198384
138.3691818533093 -3.5415780466753732
136.30803790271068 -4.386870425997284
134.24689395211203 -3.140074283571303
132.1857500015134 -2.8368022685832184
130.12460605091476 -3.463048659839608
128.06346210031612 -4.26013706193454
126.00231814971747 -4.952558144214387
123.94117419911883 -3.3266986842086244
121.88003024852019 -3.444543478891081
119.81888629792155 -4.151131744274827
117.75774234732292 -2.8089143554318903
115.69659839672427 -4.668715132634605
113.63545444612564 -3.822700417883066
111.57431049552699 -4.729253730443148
109.51316654492835 -3.9239772495104592
107.4520225943297 -5.060759234480677
105.39087864373107 -5.093471938494862
103.32973469313244 -4.504792147498231
101.26859074253377 -4.581817937666613
99.20744679193514 -5.335047755134177
97.14630284133649 -3.679512611886792
95.08515889073784 -3.949775540964533
93.02401494013921 -6.488579815314218
90.96287098954056 -5.64107689484753
88.90172703894193 -3.902949926968791
86.84058308834328 -5.195591210826113
84.77943913774465 -5.698905758113461
82.71829518714601 -4.299751159627127
80.65715123654736 -6.75673249829859
78.59600728594873 -4.765780942172724
76.53486333535008 -4.361144798778067
74.47371938475145 -5.250279573704548
72.4125754341528 -2.570340973829315
70.35143148355417 -4.589247747331449
68.29028753295553 -5.315645302739533
66.22914358235688 -4.0613173801795694
64.16799963175824 -5.5330439070357
62.1068556811596 -4.437275359827151
60.04571173056096 -5.097109473892778
57.98456777996232 -4.037794744117464
55.92342382936368 -4.6037219318233
53.86227987876503 -4.546728149408053
51.80113592816639 -5.613968385704748
49.739991977567755 -5.542693616607586
47.67884802696911 -5.157686268552045
45.61770407637047 -4.980520670077609
43.55656012577183 -5.391851480330075
41.49541617517319 -4.3005179752313065
39.43427222457455 -3.5248808318178253
37.37312827397591 -5.146581481390442
35.311984323377274 -3.2501191941030685
33.250840372778626 -2.988049408877739
31.18969642217999 -0.2836610280386637
29.128552471581344 2.5762417689110637
27.067408520982703 6.919671312755132
25.006264570384065 11.572490025445846
22.945120619785424 17.043352292343386
20.883976669186783 26.541662080053413
18.822832718588142 39.10416841047854
16.7616887679895 54.13144669887106
14.70054481739086 67.4024097017493
12.639400866792219 80.11228354825415
10.57825691619358 97.84234668023561
8.517112965594938 111.26889836600493
6.455969014996298 119.16358988213797
4.394825064397656 125.42048856869314
2.333681113799016 119.59306138671982
0.27253716320037497 106.25444455188268
-1.7886067873982658 99.85878399044975
-3.8497507379969065 87.11404190900896
-5.910894688595548 75.67175807514218
-7.972038639194188 61.59310173980109
-10.033182589792828 53.89955774016444
-12.094326540391469 47.332060708126726
-14.15547049099011 42.84390194763503
-16.216614441588753 39.82827770628486
-18.277758392187394 36.83202553789688
-20.338902342786035 32.24727944844625
-22.400046293384676 31.67598365640426
-24.461190243983314 28.026730907422934
-26.522334194581955 27.009914940757188
-28.5834781451806 24.720781636220078
-30.644622095779237 21.880435431700718
-32.70576604637788 19.149819409589426
-34.766909996976516 15.334342022296731
-36.82805394757516 15.10173224536724
-38.8891978981738 14.101920243585498
-40.95034184877244 12.759023487801333
-43.01148579937109 13.21654395799878
-45.07262974996973 11.709980742565799
-47.13377370056836 13.000504760879531
-49.194917651167 15.25245400944023
-51.256061601765644 18.871639152572687
-53.317205552364285 22.112606054424877
-55.37834950296293 25.52935896620923
-57.43949345356157 30.24206706519881
-59.50063740416021 32.11475197232497
-61.56178135475884 36.43460830825906
-63.62292530535749 40.712528247709244
-65.68406925595613 44.42021719238199
-67.74521320655477 48.348924968388815
-69.80635715715341 46.0351176504452
-71.86750110775205 47.01356756738419
-73.9286450583507 44.45032865943721
-75.98978900894933 38.71489338848883
-78.05093295954798 32.73495757961846
-80.11207691014661 26.644130975545725
-82.17322086074525 21.163277186824256
-84.2343648113439 14.299584317384376
-86.29550876194253 10.497680412354407
-88.35665271254118 7.4742206911010625
-90.41779666313981 4.513975565618428
-92.47894061373847 3.503372658219195
-94.5400845643371 2.1523801832840483
-96.60122851493574 1.1731527298316515
-98.66237246553439 0.8136734317598839
-100.72351641613302 0.25144831383589317
-102.78466036673166 0.8701159773984641
-104.84580431733029 0.3185147728589224
-106.90694826792894 -0.2161737202069895
-108.96809221852757 0.38703526969061774
-111.02923616912622 -0.26957815855430456
-113.09038011972486 -0.8670093972631282
-115.1515240703235 -2.4340664855639886
-117.21266802092214 -5.8690254976636265
-119.27381197152077 -3.0830441499769994
-121.33495592211942 -2.475918481555193
-123.39609987271805 -3.8221064527682684
-125.4572438233167 -4.2962018015496275
-127.51838777391534 -5.563255446292551
-129.579531724514 -5.077468369371505
-131.64067567511262 -5.658788892867299
-133.70181962571127 -5.388003271889755
-135.76296357630991 -5.971072656630986
-137.82410752690853 -4.412619041715026
-139.88525147750718 -5.321010496269651
-141.94639542810583 -3.515059068714626
-144.00753937870448 -5.634026325165636
-146.0686833293031 -6.238587364905297
-148.12982727990175 -6.456057429375347
-150.1909712305004 -4.985382810700849
-152.25211518109904 -4.328628560203173
-154.3132591316977 -5.2085808453057165
-156.3744030822963 -4.943074336489929
-158.43554703289496 -5.476650985217341
-160.49669098349358 -4.900707366880033
-162.55783493409226 -5.7285273477246355
-164.61897888469088 -5.353925085698141
-166.68012283528952 -3.23846860468036
-168.74126678588814 -5.636790673511072
-170.80241073648682 -6.160726747498582
-172.86355468708544 -4.733071712883863
-174.9246986376841 -3.790430872496096
-176.9858425882827 -3.5277794758923147
-179.04698653888136 -5.228391764679608
-181.10813048948 -5.631409544885182
-183.16927444007865 -4.928274648308665
-185.23041839067727 -3.4969558433744665
-187.29156234127592 -4.961904084734854
-189.35270629187457 -3.5283252071531424
-191.41385024247322 -3.9113918833098813
-193.47499419307186 -5.202776581695685
-195.53613814367048 -5.083542519864683
-197.59728209426913 -4.511038677062468
-199.65842604486778 -4.921634797783286
-201.71956999546643 -4.260991165927629
-203.78071394606508 -3.3494841326298896
-205.84185789666373 -3.16610618223015
-207.90300184726235 -1.7376545331812918
-209.964145797861 -2.7265061830230155
-212.02528974845964 -4.402267851655846
-214.0864336990583 -6.096406649754089
-216.1475776496569 -4.611443188778295
-218.20872160025556 -5.0510873073233
-220.26986555085418 -4.085970476989688
-222.33100950145285 -2.1440804825363067
-224.39215345205147 -5.544241090502189
-226.45329740265012 -3.1610944750019776
-228.51444135324877 -5.111624295044641
-230.5755853038474 -5.1006569006222815
-232.63672925444607 -3.364696331877797
-234.6978732050447 -5.739834005973823
-236.75901715564333 -4.153504257169567
-238.82016110624195 -4.493639635298807
-240.8813050568406 -4.873020515615777
-242.94244900743925 -3.355447124740209
-245.0035929580379 -2.0419668393182278
-247.06473690863652 -3.66375270383897
-249.12588085923517 -4.408094191099551
-251.18702480983382 -4.831146774309811
-253.24816876043246 -4.410929576445025
-255.30931271103108 -1.9276999569369686
-257.3704566616297 -4.465017930864209
-259.43160061222835 -1.3487665237998159
-261.492744562827 -3.137438819418257
