# BEGINHEADER
# This file contains data from the SALSA 2m radio telescope.
# DATE=2023-11-14T14:52:0022
# GLON and GLAT given in degrees
# GLON=34.85679218749931
# GLAT=0.27832072797814933
# DATA in two columns below. Col. 1 is velocity relative to LSR [km/s]. Col. 2 is uncalibrated antenna temperature [K].
# ENDHEADER
260.3469259010158 -3.209409225203355
258.28578195041723 -3.9065787263701304
256.2246379998185 -3.170039591712382
254.1634940492199 -3.0391623212567835
252.1023500986213 -4.139107816526297
250.04120614802264 -4.484726171811336
247.980062197424 -3.770346629751378
245.91891824682534 -3.7925002267339503
243.85777429622672 -1.995947835656027
241.79663034562807 -2.631492223489878
239.73548639502945 -1.783624766998478
237.67434244443078 -2.1520690531905906
235.61319849383216 -3.388414908063214
233.5520545432335 -3.2298151828441934
231.4909105926349 -2.620279315453583
229.42976664203624 -2.3221740885556423
227.36862269143757 -3.233291424428697
225.30747874083895 -3.2944536236171036
223.2463347902403 -4.276287769391201
221.18519083964168 -3.5005742812825695
219.124046889043 -3.2909078895872748
217.06290293844438 -3.733448910622271
215.00175898784573 -4.295477532487266
212.9406150372471 -2.9324216513573242
210.87947108664846 -4.2648696306159515
208.81832713604982 -3.5491722102973102
206.75718318545117 -2.6251582226919075
204.69603923485255 -4.01965363939501
202.6348952842539 -5.243743490726846
200.57375133365528 -5.2564099715488455
198.5126073830566 -1.7938426727348873
196.45146343245796 -3.9222110546263753
194.3903194818593 -3.957128391898071
192.32917553126066 -4.460867862010859
190.26803158066204 -5.080778892274687
188.2068876300634 -2.9984447805367247
186.14574367946474 -4.097508787625795
184.0845997288661 -3.2750241878021003
182.02345577826748 -4.720578954787409
179.96231182766883 -4.862492828673899
177.90116787707018 -4.944417828134732
175.84002392647153 -4.601939791916286
173.7788799758729 -4.604846067004812
171.71773602527426 -4.5194901268330145
169.65659207467564 -4.584731790673823
167.59544812407697 -3.5333931245297996
165.53430417347835 -4.5562711246411425
163.4731602228797 -5.357131655371803
161.41201627228108 -4.39270052723285
159.35087232168243 -5.059651766146575
157.28972837108378 -4.771642090044916
155.22858442048513 -4.133089823788412
153.1674404698865 -3.9117402970299584
151.10629651928787 -4.562961146975693
149.0451525686892 -5.079762709892865
146.98400861809057 -4.279573557618696
144.92286466749192 -6.223852177714867
142.8617207168933 -5.003032729266302
140.80057676629465 -6.458341051158771
138.739432815696 -5.61023850075698
136.67828886509736 -3.95022804792864
134.61714491449874 -5.293200406666445
132.5560009639001 -6.318772906415907
130.49485701330144 -4.181210988611682
128.43371306270282 -5.481277644685601
126.37256911210416 -6.782905225360714
124.31142516150553 -4.933987503195622
122.25028121090688 -5.57330080307403
120.18913726030824 -5.410026513855586
118.12799330970961 -6.173691428982653
116.06684935911096 -4.454585649089849
114.00570540851233 -4.565637272260931
111.94456145791368 -5.916079403631427
109.88341750731504 -3.008601555715813
107.8222735567164 -2.232394755672355
105.76112960611776 -1.5816342169857438
103.69998565551913 1.367028038699377
101.63884170492048 1.8439671998981788
99.57769775432185 3.9839069632141006
97.51655380372321 6.392060013095091
95.45540985312456 9.290932639964446
93.39426590252592 11.913113644738411
91.33312195192728 16.602769669234842
89.27197800132863 18.62004463345557
87.21083405073 21.98579385314565
85.14969010013137 23.44082623005002
83.08854614953272 30.683554878517832
81.02740219893408 28.939809278440524
78.96625824833544 30.108581680873726
76.9051142977368 31.299332265385935
74.84397034713815 31.34497879677235
72.78282639653952 32.79052699094535
70.72168244594089 31.736800001793725
68.66053849534224 31.616360938217326
66.5993945447436 34.36789029442405
64.53825059414496 37.31028957875239
62.477106643546314 38.32172637226901
60.41596269294767 44.06754141230653
58.35481874234903 47.130014387327975
56.29367479175039 49.52069224817326
54.23253084115175 50.64882328657009
52.17138689055311 50.25616624927654
50.110242939954475 51.264644941200075
48.04909898935583 50.082779394480426
45.987955038757185 47.752482226266764
43.926811088158544 49.007420166460015
41.8656671375599 55.66197763821498
39.80452318696126 58.20872802428763
37.74337923636262 62.36417731707054
35.68223528576399 63.66681714592605
33.621091335165346 67.66880818014023
31.5599473845667 67.87406331364772
29.49880343396806 67.16647970504262
27.43765948336942 65.05369549359384
25.37651553277078 64.41070726740537
23.315371582172133 63.843845325196206
21.254227631573496 61.087915664358626
19.193083680974855 58.95843929470608
17.131939730376214 59.78297576481606
15.070795779777573 65.60905912090269
13.009651829178932 69.91679109095443
10.94850787858029 68.26234262457024
8.887363927981651 68.25735125411728
6.826219977383009 63.70028878901712
4.765076026784369 64.6566439831506
2.703932076185728 59.80378417691417
0.6427881255870874 49.140780990405986
-1.4183558250115533 34.15713265366059
-3.479499775610194 19.70664169750402
-5.540643726208835 9.69501001500215
-7.601787676807476 5.7659573074466275
-9.662931627406117 4.574748827256635
-11.724075578004756 3.9985797911687437
-13.785219528603399 5.204785156682908
-15.846363479202038 5.461671527124845
-17.90750742980068 5.544987298147595
-19.968651380399322 4.8959862526827935
-22.02979533099796 9.708149713969167
-24.090939281596604 10.550759917164493
-26.152083232195242 12.709414083834213
-28.213227182793883 15.155407637083124
-30.27437113339252 16.237800704789528
-32.33551508399116 19.776954695574943
-34.3966590345898 19.86129142131606
-36.457802985188444 20.147930328298525
-38.518946935787085 19.390218503569002
-40.580090886385726 17.839541277068054
-42.64123483698437 18.027752322034626
-44.70237878758301 14.02321989359438
-46.76352273818164 17.011240049563852
-48.82466668878029 17.806134694528545
-50.88581063937893 16.51099074660522
-52.94695458997757 17.29863445713469
-55.00809854057621 16.227765256451438
-57.069242491174855 15.972257359993588
-59.130386441773496 13.631714057088686
-61.19153039237213 9.210537450167836
-63.25267434297077 5.315172595739358
-65.31381829356941 1.9030199472566682
-67.37496224416806 -1.4035803354975696
-69.4361061947667 -3.3576868510701194
-71.49725014536534 -4.671302795357055
-73.55839409596398 -6.362645318070127
-75.61953804656262 -7.131957221988618
-77.68068199716126 -8.926459504841372
-79.7418259477599 -7.17452996242945
-81.80296989835854 -7.4838235605043035
-83.86411384895717 -7.218860625838434
-85.92525779955582 -7.457387555583608
-87.98640175015446 -7.976638258114093
-90.0475457007531 -7.184028282189989
-92.10868965135174 -7.207905165911095
-94.16983360195039 -8.050481532923428
-96.23097755254902 -6.485607009418651
-98.29212150314767 -5.720598956305176
-100.35326545374633 -7.102680376907023
-102.41440940434497 -9.880991438115275
-104.4755533549436 -7.6187961583440025
-106.53669730554225 -6.438892767618225
-108.59784125614088 -7.468551832317774
-110.65898520673953 -8.25515683269659
-112.72012915733816 -7.09537756470147
-114.78127310793681 -7.359463850495547
-116.84241705853545 -7.0153241918069815
-118.90356100913408 -6.4118668036314075
-120.96470495973273 -7.532241001535437
-123.02584891033136 -8.489342210922615
-125.08699286093001 -9.469136126771216
-127.14813681152864 -7.916659754627508
-129.2092807621273 -8.748543918704108
-131.2704247127259 -7.533050698593335
-133.3315686633246 -8.380710290451791
-135.3927126139232 -8.392786397295565
-137.45385656452186 -6.311611555184924
-139.51500051512048 -7.0620031044933045
-141.57614446571915 -7.54848848287616
-143.63728841631777 -7.096420198054139
-145.69843236691642 -6.238070631204962
-147.75957631751504 -6.660317669374119
-149.8207202681137 -8.276255369349878
-151.88186421871234 -7.4777902787301445
-153.94300816931099 -8.251593392241626
-156.00415211990963 -7.479571410291586
-158.06529607050825 -6.1016743059054726
-160.1264400211069 -6.570992920083792
-162.18758397170555 -6.089514511046291
-164.2487279223042 -7.584178019898728
-166.30987187290282 -7.4947416189039435
-168.37101582350147 -8.139791692776635
-170.4321597741001 -6.893166796595801
-172.49330372469876 -6.33867014261312
-174.55444767529738 -8.765962269514116
-176.61559162589603 -6.182604175152905
-178.67673557649465 -5.9884863502952586
-180.73787952709333 -8.213101771216225
-182.79902347769195 -6.777992273658689
-184.8601674282906 -5.879880295645884
-186.92131137888921 -6.1462931251543305
-188.98245532948786 -6.827780128956955
-191.0435992800865 -8.227818499022645
-193.10474323068516 -7.994360470082193
-195.1658871812838 -7.568166909473658
-197.22703113188243 -5.054639624898199
-199.28817508248108 -6.594380806682032
-201.3493190330797 -7.737605436369778
-203.41046298367834 -8.472111313567385
-205.47160693427696 -7.298898799475057
-207.53275088487564 -6.93013335120334
-209.59389483547426 -8.234149928865921
-211.6550387860729 -7.895890016553983
-213.71618273667153 -5.981797949347579
-215.77732668727018 -5.827908682693924
-217.83847063786882 -6.48181245925427
-219.89961458846747 -7.2322751790490045
-221.9607585390661 -5.8926884767872
-224.02190248966474 -6.564711644345266
-226.08304644026336 -5.710045674918014
-228.14419039086204 -7.1166101617380075
-230.20533434146066 -4.656815302775965
-232.2664782920593 -6.616992729693945
-234.32762224265795 -7.475061901168622
-236.3887661932566 -7.867926999656957
-238.44991014385525 -6.9167225825538665
-240.51105409445387 -5.902496173341917
-242.57219804505252 -6.77861211051146
-244.63334199565114 -7.387692903860991
-246.6944859462498 -4.201737752194608
-248.75562989684843 -7.039011365977531
-250.81677384744708 -5.620698388151668
-252.8779177980457 -6.375658334782626
-254.93906174864435 -5.518741920157805
-257.000205699243 -6.585075826842001
-259.06134964984165 -4.849462001186924
-261.1224936004403 -3.5081021014191616
-263.18363755103894 -3.3620015986619296
-265.24478150163753 -4.355106208513972
