# BEGINHEADER
# This file contains data from the SALSA 2m radio telescope.
# DATE=2023-11-14T15:01:0040
# GLON and GLAT given in degrees
# GLON=54.80288655517658
# GLAT=0.17056950199964074
# DATA in two columns below. Col. 1 is velocity relative to LSR [km/s]. Col. 2 is uncalibrated antenna temperature [K].
# ENDHEADER
262.3494577156101 -1.2624255993482825
260.2883137650114 -2.3500597597623973
258.2271698144128 -1.803583665614174
256.1660258638141 -3.0337075249595853
254.1048819132155 -2.1349664946539413
252.0437379626169 -1.3222628080569319
249.98259401201824 -1.1358221117191358
247.92145006141956 -3.2385012930051897
245.86030611082094 -2.1090774123502225
243.7991621602223 0.32422590261342293
241.73801820962368 2.4445156111245425
239.676874259025 -2.0928882510688327
237.61573030842638 -1.0064515628534993
235.55458635782773 -2.4576602559470953
233.4934424072291 -2.017471693016227
231.43229845663046 -1.9416582007616534
229.37115450603181 -2.791231355621029
227.31001055543317 -0.175958065865638
225.24886660483455 -1.8043068672055944
223.1877226542359 -1.123560743799376
221.12657870363728 -2.1588504226265717
219.0654347530386 -2.0189164039748406
217.00429080243998 -1.4835367359152096
214.94314685184133 0.9182777715404521
212.8820029012427 -1.104707400878297
210.82085895064404 -2.952315129906575
208.7597150000454 -2.1267551877268955
206.69857104944677 -2.879602821206333
204.63742709884812 -1.4550972348216413
202.5762831482495 -2.435953140888276
200.51513919765083 -2.576187474954531
198.4539952470522 -3.2685629272060996
196.39285129645359 -3.622858089123258
194.33170734585497 -2.18706508280006
192.2705633952563 -3.490367430487833
190.20941944465767 -0.8598972988926599
188.14827549405902 -1.3296002364214663
186.0871315434604 -2.656985724489411
184.02598759286172 -1.9253180592734345
181.9648436422631 -2.568606276086084
179.90369969166446 -3.0075236173754707
177.84255574106584 -3.0538722581387177
175.7814117904672 -3.0497656264421913
173.72026783986854 -2.7451367933851745
171.6591238892699 -4.317268459847326
169.59797993867124 -4.495669072650096
167.53683598807262 -4.702237514436367
165.47569203747398 -2.467252766243536
163.41454808687533 -3.3186444620661595
161.35340413627668 -4.1511803756222365
159.29226018567806 -4.3825097864092495
157.2311162350794 -3.6767317146082226
155.1699722844808 -4.921627291519926
153.10882833388212 -3.1569148729325303
151.0476843832835 -4.258151792603488
148.98654043268485 -4.013733259431717
146.92539648208623 -4.489358168886903
144.86425253148755 -3.963734242932087
142.80310858088893 -3.859751494953825
140.74196463029028 -5.080457319245396
138.68082067969166 -5.215884920512124
136.61967672909302 -4.634284811635337
134.55853277849437 -3.371710644399761
132.49738882789572 -2.250811144184345
130.43624487729707 -5.175539245231371
128.37510092669842 -4.576565703538293
126.3139569760998 -3.675027991595412
124.25281302550117 -4.1118642645853996
122.19166907490252 -5.783151273297639
120.13052512430389 -4.467073805085089
118.06938117370524 -5.150958894671882
116.0082372231066 -6.001762003895932
113.94709327250797 -5.69403929823384
111.88594932190931 -5.380968929899786
109.82480537131067 -5.161491061777237
107.76366142071203 -7.585259405055659
105.70251747011339 -5.195790207334231
103.64137351951474 -4.017669795548034
101.58022956891611 -5.339869250968003
99.51908561831748 -5.60810646107107
97.45794166771883 -5.381553866646176
95.3967977171202 -6.133197063741741
93.33565376652155 -7.127902159374763
91.27450981592291 -4.967198459941364
89.21336586532426 -5.4180605716665236
87.15222191472563 -5.519700181334864
85.091077964127 -4.219867744131211
83.02993401352835 -4.226430343586748
80.96879006292971 -4.115820721825049
78.90764611233107 -5.437925775628732
76.84650216173243 -4.6116113618374746
74.78535821113378 -5.171224461561336
72.72421426053513 -4.874232413460397
70.6630703099365 -3.8702122050191763
68.60192635933785 -4.323986724679619
66.54078240873922 -1.2412287053404094
64.47963845814058 0.5125452787177283
62.418494507541936 2.7618324155368725
60.357350556943295 5.139201265154255
58.296206606344654 7.164068580387948
56.23506265574601 12.651405146763718
54.17391870514737 15.15755677488087
52.11277475454873 18.757260018148656
50.0516308039501 23.430740503182346
47.99048685335145 27.11310265015914
45.92934290275281 34.177639574357755
43.86819895215416 41.98753844901274
41.80705500155552 45.11441748983449
39.745911050956884 51.42767608532165
37.68476710035824 57.453918071204036
35.6236231497596 60.59847613523661
33.56247919916096 63.700781287493214
31.50133524856232 65.71047708598513
29.44019129796368 67.28427019005743
27.379047347365038 66.47428667324094
25.317903396766397 68.12440877247579
23.25675944616776 66.85248572003434
21.195615495569122 67.1688084370591
19.134471544970477 64.65958482262789
17.073327594371836 64.87464347407439
15.012183643773197 65.94506526771335
12.951039693174556 74.16760384264586
10.889895742575915 83.20396292728316
8.828751791977275 89.17676864308405
6.767607841378633 90.2160996584162
4.706463890779992 83.78521381610139
2.645319940181351 73.4314761554576
0.5841759895827109 61.521106139898755
-1.4769679610159299 47.91719350506761
-3.538111911614571 43.290490672931334
-5.599255862213212 37.77806249055293
-7.6603998128118524 30.578285779200936
-9.721543763410493 26.94704968787461
-11.782687714009134 22.01312477800884
-13.843831664607775 19.144017082651136
-15.904975615206414 16.189272844980255
-17.966119565805055 14.859411941112175
-20.027263516403696 12.358452495488898
-22.088407467002337 9.613331154927069
-24.14955141760098 6.100512152856532
-26.21069536819962 5.388032459965319
-28.271839318798264 4.041369605070924
-30.332983269396905 3.641451045467161
-32.39412721999554 5.324359430817224
-34.45527117059419 4.985871836527068
-36.51641512119283 5.469993621646084
-38.57755907179147 8.150967650027386
-40.63870302239011 11.239202221011976
-42.699846972988745 12.995763704921512
-44.760990923587386 12.840791654632827
-46.82213487418603 16.646778997431742
-48.88327882478467 21.4067353918659
-50.9444227753833 24.63633950887804
-53.00556672598195 27.614248037387355
-55.06671067658059 28.401519150352804
-57.12785462717923 31.453157552022173
-59.188998577777866 33.849542166234286
-61.25014252837651 33.287137469829716
-63.31128647897515 31.97346470080759
-65.3724304295738 29.523213729086898
-67.43357438017243 25.396239135835604
-69.49471833077106 20.807239331477053
-71.55586228136971 17.907397010105395
-73.61700623196835 16.186457503129486
-75.678150182567 13.732543710503329
-77.73929413316563 12.436864684902853
-79.80043808376426 12.650514279548913
-81.86158203436293 7.652727919766708
-83.92272598496156 6.04407882744802
-85.98386993556021 5.527626691799153
-88.04501388615884 4.079019842066256
-90.10615783675749 2.4660896416672773
-92.16730178735612 2.0863716267739227
-94.22844573795476 1.151213231400179
-96.2895896885534 -0.3837607828333924
-98.35073363915204 -1.676427449747351
-100.41187758975069 -3.696281786445103
-102.47302154034932 -4.169712196901169
-104.53416549094797 -5.327405149727856
-106.5953094415466 -4.548332384346306
-108.65645339214524 -4.169455040436277
-110.71759734274389 -6.7652774577107655
-112.77874129334252 -7.719998797253532
-114.83988524394117 -6.365730435310859
-116.9010291945398 -4.219640377639152
-118.96217314513845 -6.463800907080258
-121.0233170957371 -5.749925498525485
-123.08446104633573 -7.533845957957052
-125.14560499693438 -5.63676326620694
-127.20674894753301 -7.4543721764125905
-129.26789289813166 -6.993586571989303
-131.32903684873028 -7.960701829090474
-133.39018079932893 -7.215014080893005
-135.45132474992755 -6.662645620709995
-137.51246870052623 -7.607644262101236
-139.57361265112488 -5.6550559214893354
-141.6347566017235 -5.831628926984604
-143.69590055232214 -5.946821716901384
-145.7570445029208 -7.959935601575759
-147.81818845351944 -6.273413622898639
-149.87933240411806 -7.491051023353402
-151.9404763547167 -7.525075769282709
-154.00162030531533 -7.0611295001776035
-156.062764255914 -5.608225275430273
-158.12390820651262 -6.840188437597385
-160.18505215711127 -4.958140792483765
-162.2461961077099 -5.5106189166090855
-164.30734005830854 -6.041286372247458
-166.3684840089072 -5.567716942460527
-168.42962795950584 -5.435824833525799
-170.49077191010446 -5.872771744570208
-172.5519158607031 -6.032405487802425
-174.61305981130175 -6.15585443347023
-176.6742037619004 -7.122231765871279
-178.73534771249905 -8.400416447476216
-180.79649166309767 -5.03451099800993
-182.85763561369632 -4.5204110193325215
-184.91877956429497 -4.208968169833173
-186.9799235148936 -5.578171573784264
-189.04106746549223 -5.501687497229447
-191.10221141609088 -5.831665429509598
-193.1633553666895 -6.4510909636613825
-195.22449931728818 -4.83093901969484
-197.2856432678868 -5.771216346324843
-199.34678721848547 -5.774890284776673
-201.4079311690841 -6.342996281173641
-203.46907511968274 -5.370403245858499
-205.53021907028136 -4.798683460490504
-207.59136302088004 -4.394227558690379
-209.65250697147866 -4.848984420888797
-211.7136509220773 -5.8332312816929806
-213.77479487267593 -5.334751671133924
-215.8359388232746 -4.506507914660058
-217.89708277387325 -4.794307770149443
-219.95822672447187 -6.528923113982182
-222.01937067507052 -4.740707459758869
-224.08051462566914 -4.680029990833309
-226.14165857626782 -6.461357139240535
-228.20280252686644 -5.471126937894964
-230.26394647746508 -5.852455487889715
-232.3250904280637 -5.102111429625755
-234.38623437866235 -4.6455480757291046
-236.447378329261 -4.955975725734923
-238.50852227985965 -5.587366023695362
-240.56966623045827 -4.315978493640863
-242.63081018105692 -4.6030480229873705
-244.69195413165556 -6.052577539895065
-246.7530980822542 -5.185200143296341
-248.81424203285283 -4.91941425113583
-250.87538598345148 -4.922109670067167
-252.9365299340501 -5.743782567376254
-254.99767388464878 -5.407486306279713
-257.0588178352474 -1.1973285877881243
-259.11996178584604 -4.263891348483081
-261.1811057364447 -2.7802701607995997
-263.24224968704334 -4.115279674430691
