# BEGINHEADER
# This file contains data from the SALSA 2m radio telescope.
# DATE=2023-11-14T15:15:0001
# GLON and GLAT given in degrees
# GLON=79.8493042254576
# GLAT=0.1263130444631522
# DATA in two columns below. Col. 1 is velocity relative to LSR [km/s]. Col. 2 is uncalibrated antenna temperature [K].
# ENDHEADER
265.34395591191605 -3.318360140013237
263.28281196131746 -4.25794107754417
261.2216680107188 -2.587760171657521
259.16052406012017 -5.671166987981366
257.0993801095215 -2.5038958413341836
255.03823615892287 -3.0453246892858385
252.97709220832425 -2.2706737339839584
250.91594825772557 -1.920767664845116
248.85480430712693 -4.0738952106026245
246.7936603565283 -4.1552012710290205
244.73251640592966 -0.7799351888220151
242.67137245533104 -1.9394222442613736
240.61022850473236 -3.0698196502474673
238.54908455413374 -3.358544342410676
236.4879406035351 -3.8620204871818404
234.42679665293647 -3.9508747114987277
232.36565270233783 -2.30808637303306
230.30450875173918 -3.2467252298814
228.24336480114053 -3.880268135479921
226.1822208505419 -3.148759060456484
224.12107689994326 -3.2023245465307966
222.05993294934464 -2.9463925773053155
219.99878899874597 -2.943596693163082
217.93764504814735 -3.131778641505659
215.8765010975487 -3.599777081862129
213.81535714695008 -3.2774170877931765
211.7542131963514 -3.266461560055861
209.69306924575275 -4.502803197015897
207.63192529515413 -5.426434710926614
205.57078134455548 -2.9174830935458957
203.50963739395687 -1.90090559654044
201.4484934433582 -3.627160587053498
199.38734949275957 -6.080029877497781
197.32620554216095 -3.747974897764726
195.26506159156233 -3.0658004660107534
193.20391764096365 -4.5035953133979625
191.14277369036503 -4.095920853000969
189.08162973976638 -2.459097892170686
187.02048578916776 -2.9721420506615166
184.9593418385691 -5.278747428502098
182.89819788797047 -4.07268706512696
180.83705393737182 -4.189936212712068
178.7759099867732 -3.560973083558851
176.71476603617455 -3.578174098673042
174.6536220855759 -2.8940356631174984
172.59247813497726 -3.527706740504919
170.53133418437864 -3.1391288539452775
168.47019023378 -4.44790360693808
166.40904628318134 -4.566179085169834
164.3479023325827 -5.808271497451624
162.28675838198404 -5.592219955050069
160.22561443138542 -3.474789351274607
158.16447048078678 -4.675428455079667
156.10332653018813 -4.690337681456887
154.04218257958948 -4.408834193332682
151.98103862899086 -3.3542106935917664
149.9198946783922 -6.506821188055333
147.8587507277936 -6.588133273062327
145.79760677719491 -4.988271346059418
143.7364628265963 -5.046459690069517
141.67531887599765 -4.490606401340726
139.61417492539903 -5.031594109585426
137.55303097480038 -5.0887393113498
135.49188702420173 -3.960025027145206
133.43074307360308 -4.4150943021165565
131.36959912300443 -5.1989249499313095
129.3084551724058 -5.48739559901047
127.24731122180717 -5.248274487916787
125.18616727120853 -7.3353086814210835
123.12502332060988 -7.121111391400036
121.06387937001125 -6.648252483724382
119.0027354194126 -6.1449989204418065
116.94159146881397 -4.825725042310304
114.88044751821532 -4.054232300934903
112.81930356761669 -5.381508693897664
110.75815961701804 -4.840545527614853
108.69701566641939 -4.927169022029433
106.63587171582076 -6.769049794457155
104.57472776522211 -5.319348799832299
102.51358381462347 -6.731643622029578
100.45243986402483 -5.651364018302727
98.39129591342619 -5.946154691205036
96.33015196282756 -7.68831394575836
94.26900801222891 -5.591894334301837
92.20786406163027 -6.1071462363580835
90.14672011103163 -6.517159718473716
88.08557616043299 -5.56215870555277
86.02443220983434 -5.45753826163514
83.96328825923571 -6.346827708927199
81.90214430863708 -6.142774149052888
79.84100035803843 -5.626018739535108
77.7798564074398 -6.225957155973882
75.71871245684115 -7.29269176142699
73.6575685062425 -5.591845974302646
71.59642455564385 -8.00345677683109
69.53528060504522 -6.936990816676768
67.47413665444658 -7.046081253520509
65.41299270384793 -7.052079214792709
63.3518487532493 -5.702957298008639
61.29070480265066 -5.074616896880553
59.22956085205202 -5.4572420519771585
57.16841690145338 -6.26245251491412
55.107272950854735 -5.602995032930175
53.046129000256094 -6.766194240411426
50.98498504965745 -7.885994833028216
48.92384109905881 -8.021343622335397
46.86269714846017 -6.946872559075116
44.80155319786152 -7.096322207334054
42.74040924726288 -7.579871940655236
40.67926529666424 -7.621781149662113
38.61812134606561 -6.128484072365757
36.556977395466966 -5.1333939913070115
34.495833444868325 -4.0068854810941845
32.43468949426968 -4.290728201235833
30.37354554367104 -2.730838682646271
28.3124015930724 0.7067613970734287
26.25125764247376 2.2514915081313496
24.19011369187512 4.853894905208329
22.12896974127648 11.28904595955627
20.067825790677837 17.227635211737205
18.006681840079196 29.732237465158306
15.945537889480557 47.57171682880547
13.884393938881917 67.71436391512155
11.823249988283274 87.55990836781478
9.762106037684635 102.304406403503
7.700962087085994 107.81757244811412
5.639818136487353 114.20074251816025
3.578674185888712 109.69884123955897
1.5175302352900715 102.86171498654485
-0.5436137153085694 110.0725559045631
-2.60475766590721 115.03116439902496
-4.665901616505852 112.49443984325077
-6.727045567104492 107.7264839541374
-8.788189517703133 100.8555769210152
-10.849333468301774 90.39360473178192
-12.910477418900415 74.65485825707249
-14.971621369499054 62.511215907289355
-17.032765320097695 48.0332738678655
-19.093909270696336 38.978700696212236
-21.155053221294978 33.38545052340602
-23.21619717189362 28.31908232890446
-25.27734112249226 26.215260569953397
-27.338485073090897 24.711934086005733
-29.399629023689542 25.35017809584478
-31.460772974288183 27.42741750504207
-33.521916924886824 30.53212599990053
-35.583060875485465 33.49138226636484
-37.644204826084106 36.48139577715771
-39.70534877668275 40.79281046345704
-41.76649272728139 40.34270659983621
-43.82763667788002 41.94113108929131
-45.88878062847866 38.444826201735225
-47.949924579077305 35.33702904688857
-50.01106852967594 30.760071348534726
-52.07221248027458 26.521170947909233
-54.13335643087323 21.346307663449576
-56.19450038147187 17.944942830398304
-58.25564433207051 17.853951730564216
-60.316788282669144 19.2776616735172
-62.377932233267785 21.72899905904566
-64.43907618386643 27.387276721970483
-66.50022013446507 33.03569673734036
-68.5613640850637 37.414102368381236
-70.62250803566235 38.944997635394465
-72.68365198626098 40.962950028623595
-74.74479593685963 39.215100331844575
-76.80593988745827 37.9044288880869
-78.86708383805691 37.19279089590684
-80.92822778865555 31.451718118624868
-82.9893717392542 29.9949259130436
-85.05051568985284 27.60437870853969
-87.11165964045148 26.869109626176623
-89.17280359105013 23.57698300564876
-91.23394754164876 20.811983662206607
-93.29509149224741 15.830532056691716
-95.35623544284604 12.519315545216605
-97.41737939344468 10.508564363774957
-99.47852334404332 6.220298265435344
-101.53966729464196 2.1851828299418914
-103.6008112452406 2.7231874491146697
-105.66195519583924 0.7389132319186472
-107.72309914643789 -0.10973045606029454
-109.78424309703652 -0.0692223814420679
-111.84538704763516 -0.20371868527811174
-113.9065309982338 -1.754869617850575
-115.96767494883244 -1.182352730615161
-118.02881889943109 -2.1910302432237074
-120.08996285002974 -3.967759352266342
-122.15110680062838 -5.13937702063098
-124.21225075122702 -2.8725268497381578
-126.27339470182565 -3.0549667243148924
-128.3345386524243 -4.894281431641821
-130.39568260302292 -4.175036558417021
-132.45682655362157 -5.357569801313082
-134.51797050422022 -5.161183290381182
-136.57911445481886 -6.652901396190652
-138.64025840541748 -5.582236797232994
-140.70140235601613 -5.794705176194827
-142.76254630661478 -4.8870456624822385
-144.82369025721343 -5.438658300070178
-146.88483420781208 -4.583488999452138
-148.9459781584107 -5.056504163280193
-151.00712210900934 -4.60795143929457
-153.06826605960796 -4.559352208532921
-155.12941001020664 -4.243837616067919
-157.19055396080526 -6.058844152397493
-159.2516979114039 -6.176623113089079
-161.31284186200253 -6.079665329651225
-163.3739858126012 -6.65527531885625
-165.43512976319982 -5.423222733074404
-167.49627371379847 -6.379230489571419
-169.5574176643971 -4.163724472078214
-171.61856161499574 -3.524192675278013
-173.6797055655944 -4.425555762785577
-175.74084951619304 -4.5172204602483665
-177.80199346679166 -5.147123648323961
-179.8631374173903 -4.0295814397922305
-181.92428136798895 -5.743453818429684
-183.9854253185876 -5.75976940465483
-186.04656926918625 -4.648043734200368
-188.10771321978487 -5.935369727709355
-190.16885717038352 -5.19207200150913
-192.23000112098214 -5.516453618866461
-194.29114507158081 -4.577425689063837
-196.35228902217943 -4.448967521007289
-198.4134329727781 -4.665579025086419
-200.47457692337673 -6.768463339001858
-202.53572087397538 -3.8893240288274145
-204.59686482457403 -5.7421752952092
-206.65800877517268 -4.369822408705061
-208.7191527257713 -3.5506476744269864
-210.78029667636994 -4.321208083242058
-212.84144062696856 -5.288421599424677
-214.90258457756724 -4.184845787267891
-216.9637285281659 -5.2627893038968585
-219.0248724787645 -3.822602871164535
-221.08601642936316 -4.928247531850563
-223.14716037996178 -5.247409566321992
-225.20830433056045 -3.132759206093423
-227.26944828115907 -4.971823090089985
-229.33059223175772 -4.977434457315532
-231.39173618235634 -4.856049945447091
-233.452880132955 -6.106206863875063
-235.51402408355364 -4.371413288249502
-237.57516803415228 -4.789696777406108
-239.6363119847509 -4.20640743497676
-241.69745593534955 -6.824357653782175
-243.7585998859482 -5.8118820206595885
-245.81974383654685 -4.588966215247646
-247.88088778714547 -4.239206805012876
-249.94203173774412 -3.3713393705838572
-252.00317568834274 -4.1886109176732464
-254.0643196389414 -1.83826991635138
-256.12546358954006 -3.4880043160733245
-258.1866075401387 -2.56522321151874
-260.2477514907373 -3.776194186884996
