# BEGINHEADER
# This file contains data from the SALSA 2m radio telescope.
# DATE=2023-11-14T14:34:0025
# GLON and GLAT given in degrees
# GLON=1.845718008546521
# GLAT=0.24607108717590154
# DATA in two columns below. Col. 1 is velocity relative to LSR [km/s]. Col. 2 is uncalibrated antenna temperature [K].
# ENDHEADER
258.28659927380255 -5.141921429416807
256.2254553232039 -12.591485120945173
254.16431137260528 -11.696260182481808
252.10316742200663 -9.840148935302661
250.04202347140802 -12.33920200177811
247.98087952080937 -10.103212507763617
245.91973557021072 -10.934355525480216
243.85859161961207 -10.83850060950836
241.79744766901345 -11.948298286156211
239.7363037184148 -9.231422839217924
237.67515976781613 -7.593175206146793
235.6140158172175 -11.893215793972232
233.55287186661886 -9.906080325064194
231.49172791602024 -9.768517113724155
229.4305839654216 -11.987413587000763
227.36944001482294 -10.234925419144645
225.3082960642243 -10.236120358387462
223.24715211362567 -11.06979498172079
221.18600816302703 -11.49773819838655
219.1248642124284 -10.706333663454744
217.06372026182973 -12.235574699011245
215.0025763112311 -10.502385886004257
212.94143236063246 -11.3631084714306
210.88028841003384 -9.22036560011155
208.81914445943517 -8.783518579434547
206.75800050883655 -12.667157465841546
204.6968565582379 -11.586000269612134
202.63571260763928 -13.636274891708009
200.57456865704063 -11.853574348275203
198.51342470644195 -12.416395861874895
196.4522807558433 -11.897420026092783
194.39113680524466 -11.487743747788986
192.32999285464604 -13.815817020330075
190.2688489040474 -12.294081627955082
188.20770495344877 -11.928624611657945
186.1465610028501 -11.5435149195376
184.08541705225147 -13.023539493509075
182.02427310165282 -11.038007799494341
179.9631291510542 -12.572926669158306
177.90198520045556 -12.400107897305848
175.8408412498569 -13.67020869512986
173.77969729925826 -12.993146408152072
171.71855334865964 -12.342748625485696
169.657409398061 -13.5575330564569
167.59626544746234 -13.404586985651223
165.5351214968637 -13.272705336139227
163.47397754626505 -12.931106471997095
161.41283359566643 -13.136143507881783
159.35168964506778 -13.229351848377009
157.29054569446913 -12.459337872579459
155.22940174387048 -14.596015930381162
153.16825779327186 -11.878379933925556
151.10711384267321 -13.349049698092818
149.0459698920746 -14.02759975096711
146.98482594147592 -12.539764743067433
144.9236819908773 -14.165640789617061
142.86253804027865 -15.329860949339212
140.80139408968003 -13.933067373551724
138.74025013908138 -12.43544928369778
136.67910618848273 -14.366637251708662
134.6179622378841 -14.59589589614538
132.55681828728547 -14.463428590310734
130.49567433668682 -14.734328155308862
128.43453038608817 -12.623590106841789
126.37338643548952 -16.35623260489512
124.31224248489089 -13.75680705188564
122.25109853429225 -14.483859674701618
120.1899545836936 -14.024839141455058
118.12881063309497 -14.961712882377116
116.06766668249632 -14.057624812199064
114.00652273189769 -14.684658173520853
111.94537878129904 -15.95985143343526
109.88423483070041 -15.520756797262171
107.82309088010177 -16.10172033415034
105.76194692950311 -15.384831608361944
103.70080297890448 -17.953604710721752
101.63965902830583 -15.725860632108043
99.5785150777072 -14.67410122383881
97.51737112710856 -15.901279154327352
95.45622717650991 -15.266786884040007
93.39508322591128 -16.606511489270765
91.33393927531263 -17.7528262769652
89.272795324714 -14.877121811327223
87.21165137411535 -16.24253546465845
85.15050742351671 -16.702486256057213
83.08936347291808 -15.847894987959627
81.02821952231943 -15.856820294858798
78.9670755717208 -16.74649586654308
76.90593162112215 -17.36167082335334
74.84478767052352 -16.379121190915203
72.78364371992487 -16.708829109052676
70.72249976932623 -17.36699057410594
68.6613558187276 -16.686128647645447
66.60021186812894 -14.817972838898983
64.5390679175303 -15.675887695820267
62.47792396693167 -15.835645747124225
60.41678001633303 -15.91190250247028
58.35563606573439 -16.086683851011028
56.29449211513574 -15.776981109503225
54.2333481645371 -14.980876195392637
52.17220421393846 -17.969977447405554
50.111060263339816 -16.52833142942974
48.04991631274118 -16.666665338434715
45.98877236214254 -15.885348570157923
43.9276284115439 -16.557992535906507
41.86648446094526 -16.84362647523126
39.80534051034662 -15.79450471451866
37.74419655974797 -14.701141855793205
35.68305260914933 -15.60863869021551
33.621908658550694 -17.41080089152592
31.560764707952053 -16.111387659197145
29.499620757353412 -14.630790272212462
27.43847680675477 -14.668514133165667
25.37733285615613 -15.661672198060662
23.316188905557496 -13.816004999243345
21.25504495495885 -12.862433984030833
19.19390100436021 -12.709872552800984
17.13275705376157 -13.157463466161671
15.071613103162928 -12.641078348616935
13.010469152564289 -9.107409537268452
10.949325201965646 -7.588491870059357
8.888181251367005 -7.787047520766538
6.827037300768365 -9.981918123391171
4.765893350169724 -10.474102263489248
2.7047493995710834 -10.88724271059223
0.6436054489724428 -7.804178545990811
-1.417538501626198 -8.13038095795005
-3.478682452224839 -8.351346755133646
-5.53982640282348 -9.349562589783433
-7.600970353422121 -11.47476102270655
-9.662114304020761 -11.217401212050637
-11.723258254619402 -11.691791126007784
-13.784402205218042 -12.344333420771683
-15.845546155816683 -13.054594099606094
-17.906690106415326 -12.422851220256236
-19.967834057013963 -15.05918997172163
-22.028978007612604 -14.499606780524152
-24.090121958211245 -13.883843725350262
-26.15126590880989 -14.559032787124014
-28.21240985940853 -17.406952028362387
-30.27355381000717 -17.6985612901378
-32.33469776060581 -17.262434951207368
-34.39584171120445 -16.91932105460029
-36.45698566180309 -16.008916702578404
-38.51812961240173 -15.627992102131799
-40.57927356300038 -16.703859570933645
-42.64041751359902 -17.699568839554768
-44.70156146419766 -16.14410528578151
-46.7627054147963 -17.60102173668425
-48.823849365394935 -16.603231116590973
-50.884993315993576 -19.073958851279894
-52.94613726659222 -17.153990199835807
-55.00728121719086 -17.74617165693469
-57.0684251677895 -18.86004178619197
-59.12956911838815 -18.9742368094866
-61.19071306898679 -18.923022205929296
-63.25185701958542 -18.584007842229234
-65.31300097018406 -17.629192626128933
-67.37414492078271 -17.781582581099023
-69.43528887138135 -17.679982517693787
-71.49643282197998 -17.057188116291535
-73.55757677257863 -18.602178866882543
-75.61872072317726 -16.656516831900593
-77.67986467377591 -19.050430605943692
-79.74100862437454 -17.671420337061832
-81.80215257497319 -17.085738464669728
-83.86329652557183 -18.086861686834794
-85.92444047617046 -17.116250233667124
-87.98558442676912 -18.745912970718663
-90.04672837736776 -19.357914842488153
-92.1078723279664 -16.570450254102195
-94.16901627856504 -16.110400678241223
-96.23016022916367 -17.558782356863066
-98.29130417976232 -19.013588020882192
-100.35244813036095 -17.85273645135249
-102.4135920809596 -16.548697728948213
-104.47473603155824 -19.149254816795164
-106.53587998215689 -17.672173048751475
-108.59702393275552 -18.152790913303683
-110.65816788335415 -17.706433183150136
-112.7193118339528 -16.91346320271028
-114.78045578455144 -18.019267100696037
-116.84159973515008 -18.083219807182434
-118.90274368574872 -16.228914315554505
-120.96388763634737 -15.628166033488112
-123.025031586946 -18.319058305030126
-125.08617553754463 -16.410630472050137
-127.1473194881433 -16.51001674925894
-129.20846343874192 -16.139450601943533
-131.26960738934056 -16.512851671241062
-133.3307513399392 -17.036565740082395
-135.39189529053786 -13.677919396705931
-137.45303924113648 -15.798545757093507
-139.51418319173513 -16.055044238613497
-141.57532714233375 -16.270760259067416
-143.63647109293242 -16.84802028614797
-145.69761504353104 -17.515134458718997
-147.7587589941297 -17.172473138918953
-149.81990294472834 -15.868562719159534
-151.88104689532696 -16.84229575686521
-153.94219084592564 -16.030747908075135
-156.00333479652426 -16.183861639621455
-158.0644787471229 -16.87624656080075
-160.12562269772152 -16.021615018300952
-162.1867666483202 -14.875885504702554
-164.24791059891882 -15.917632005849844
-166.30905454951747 -18.18899126334998
-168.3701985001161 -15.917873058963933
-170.43134245071474 -15.57523589196999
-172.49248640131339 -14.356965948312029
-174.55363035191203 -17.309115905490376
-176.61477430251065 -16.619978001476785
-178.6759182531093 -15.68383065751076
-180.73706220370792 -15.913030544792921
-182.7982061543066 -15.547113358814224
-184.85935010490525 -15.265062495757384
-186.92049405550387 -16.387275980133772
-188.98163800610251 -15.747058565980353
-191.04278195670116 -17.124611744497354
-193.1039259072998 -16.02908711785787
-195.16506985789843 -16.01803751511577
-197.22621380849708 -13.7135734797314
-199.2873577590957 -14.642494208568975
-201.34850170969435 -15.125838601417064
-203.40964566029297 -15.820713538754505
-205.47078961089161 -15.418690058974281
-207.53193356149023 -13.316426706134639
-209.5930775120889 -13.646163430969207
-211.65422146268753 -13.314798686855589
-213.71536541328618 -13.842485501562583
-215.7765093638848 -14.778258578728458
-217.83765331448348 -13.833112235658323
-219.8987972650821 -13.178254971180088
-221.95994121568074 -14.305721976873365
-224.02108516627936 -14.819820125407738
-226.082229116878 -17.17703375686245
-228.1433730674767 -13.183283656932836
-230.2045170180753 -13.715490658158176
-232.26566096867396 -12.921201177871463
-234.32680491927258 -14.39194346291272
-236.38794886987122 -14.616669747945014
-238.44909282046987 -13.352670560480329
-240.51023677106852 -15.263904978718516
-242.57138072166714 -14.457741658651237
-244.6325246722658 -13.72299942784386
-246.69366862286444 -12.873439296882667
-248.75481257346308 -12.3186955565283
-250.8159565240617 -13.287725595745089
-252.87710047466035 -13.474849639335945
-254.93824442525897 -12.483646084472609
-256.9993883758576 -14.052943232487783
-259.06053232645627 -12.670056389202834
-261.1216762770549 -11.443633186509068
-263.18282022765356 -14.338609489182685
-265.2439641782522 -12.22489488262752
-267.3051081288508 -13.77527031621782
