# BEGINHEADER
# This file contains data from the SALSA 2m radio telescope.
# DATE=2023-11-14T15:07:0048
# GLON and GLAT given in degrees
# GLON=64.77562825947716
# GLAT=0.08140530412926991
# DATA in two columns below. Col. 1 is velocity relative to LSR [km/s]. Col. 2 is uncalibrated antenna temperature [K].
# ENDHEADER
263.4748355943443 -0.6081077050153227
261.41369164374566 -3.5151612194258455
259.352547693147 -2.674820599231711
257.29140374254837 -2.785374930883218
255.23025979194975 -0.658718314253585
253.16911584135107 -0.5618119923559368
251.10797189075245 -1.5576671481904916
249.0468279401538 -1.3237681827845915
246.98568398955518 -0.4277738201754232
244.92454003895654 -0.824674128932179
242.8633960883579 1.4142734945124846
240.80225213775924 -1.1015774735303627
238.7411081871606 -2.4864476775555193
236.67996423656197 -0.34941449813757985
234.61882028596332 0.07694775241317565
232.55767633536468 -0.9632356941529966
230.49653238476603 -0.1601751169244697
228.4353884341674 -0.901196175804585
226.37424448356876 -0.5470713856741772
224.31310053297014 -0.03682980016430356
222.25195658237146 -2.2730570902686806
220.19081263177284 -2.050320097029848
218.1296686811742 -0.885008462038638
216.06852473057558 -0.1538694250385103
214.0073807799769 -1.3649669937575077
211.94623682937828 -1.9137333781542074
209.88509287877963 -0.6532967481922507
207.823948928181 -1.8420573440214658
205.76280497758236 -1.9324788438983556
203.70166102698371 -0.7962811540713425
201.64051707638507 -1.8991571260882583
199.57937312578642 -0.7972363150510279
197.51822917518777 -0.4994431383571314
195.45708522458912 -1.304631073655219
193.3959412739905 -3.87914474726878
191.33479732339183 -1.1643874488500445
189.2736533727932 -1.6765435059198914
187.21250942219456 -1.186650566443955
185.15136547159594 0.06637758982568698
183.0902215209973 -2.113342274018461
181.02907757039864 -2.014261514754266
178.9679336198 -2.3918195405221354
176.90678966920137 -2.875522742595905
174.84564571860273 -2.173294580213414
172.78450176800408 -1.387867664750299
170.72335781740543 -1.639659270085141
168.6622138668068 -3.844821596414482
166.60106991620816 -0.7758329280686581
164.53992596560954 -3.041618183794327
162.47878201501086 -2.7487654314235925
160.41763806441222 -4.524531619738666
158.3564941138136 -2.320223849930605
156.29535016321495 -1.131812623592344
154.23420621261633 -2.5007562252803432
152.17306226201765 -2.190936908451141
150.11191831141903 -2.8186502051857034
148.05077436082038 -3.185315771372132
145.98963041022176 -3.015484536291489
143.9284864596231 -4.260263105788779
141.86734250902447 -2.351194130374455
139.80619855842582 -3.1502771174193325
137.7450546078272 -3.236221165915044
135.68391065722855 -3.387968742866259
133.6227667066299 -3.836196316212134
131.56162275603126 -3.688324963276948
129.50047880543264 -3.0765838322624943
127.43933485483399 -3.6736102816400362
125.37819090423534 -3.7913644736286707
123.3170469536367 -3.5149339980353895
121.25590300303806 -3.0627401611895664
119.19475905243942 -3.2275656557207286
117.13361510184077 -2.7200484115728654
115.07247115124214 -4.348176774646457
113.0113272006435 -3.2033786106469084
110.95018325004486 -3.839520005325076
108.88903929944622 -4.73890664383451
106.82789534884758 -3.361033977086467
104.76675139824893 -4.3415666321571535
102.70560744765028 -5.361977579068456
100.64446349705165 -4.279231516019956
98.58331954645301 -5.4552270827164735
96.52217559585438 -5.094395719265409
94.46103164525573 -2.9167626961802156
92.3998876946571 -3.5952262184373307
90.33874374405846 -4.777410441737325
88.27759979345981 -4.751774497013865
86.21645584286118 -6.697077376132324
84.15531189226253 -4.230581346628583
82.0941679416639 -4.912706716417546
80.03302399106525 -4.54426231545301
77.97188004046662 -6.883182704341606
75.91073608986798 -6.474663479091123
73.84959213926933 -4.501847160801623
71.7884481886707 -4.102547102477975
69.72730423807205 -5.769644687923212
67.66616028747342 -3.8695251785723586
65.60501633687477 -5.385293272519793
63.54387238627613 -4.040570332171016
61.48272843567749 -4.914254267564478
59.421584485078846 -5.393202822930311
57.36044053448021 -2.601791920290204
55.29929658388156 -5.496832048804976
53.23815263328292 -4.192525673071042
51.17700868268428 -4.320845434821251
49.11586473208563 -4.417579530135529
47.054720781487 -4.052464571985876
44.99357683088836 -3.6469716445222375
42.93243288028972 -1.9022829442784612
40.871288929691076 -1.7285921236604376
38.810144979092435 2.350019707382471
36.74900102849379 2.933895596940751
34.68785707789515 7.321305902047301
32.62671312729651 11.006112556930765
30.56556917669787 18.05612583233974
28.50442522609923 25.212777528258943
26.44328127550059 33.40598867577496
24.38213732490195 41.33300696970225
22.320993374303306 51.343784308287994
20.259849423704665 67.16282247746786
18.198705473106024 75.1447256595314
16.137561522507383 85.57462590141606
14.076417571908744 92.85916334677295
12.015273621310104 101.5725048124397
9.954129670711463 109.75230115149833
7.892985720112823 114.26194076494163
5.831841769514182 114.99347356484282
3.7706978189155413 106.43609080709129
1.7095538683169 91.90083640074141
-0.35159008228174055 77.97016400683631
-2.412734032880381 66.55334252515227
-4.4738779834790225 58.06376775367805
-6.535021934077662 49.64695859901427
-8.596165884676305 43.75951940811588
-10.657309835274944 40.91601911570141
-12.718453785873587 36.57660374514294
-14.779597736472228 35.00710022283044
-16.84074168707087 31.674661441318545
-18.90188563766951 27.707831982831337
-20.96302958826815 23.794435756138043
-23.02417353886679 20.711649055509547
-25.08531748946543 18.17300426465234
-27.146461440064073 13.734118946805783
-29.207605390662714 9.23975143938246
-31.26874934126135 7.885923739261885
-33.329893291859996 5.75032520387599
-35.39103724245863 4.708703750642881
-37.45218119305727 6.954832810912041
-39.51332514365592 8.347406875783637
-41.57446909425456 6.5801848570343555
-43.6356130448532 8.266652655042677
-45.69675699545184 8.560752645456038
-47.75790094605048 10.528804649485796
-49.81904489664912 15.654340622331935
-51.88018884724775 19.1039683105778
-53.94133279784639 20.327228510356562
-56.002476748445034 22.91508357099567
-58.063620699043675 28.20918550413768
-60.12476464964232 35.44885371277154
-62.185908600240964 41.54205988948386
-64.2470525508396 47.91704335336902
-66.30819650143825 50.871224122299374
-68.36934045203688 50.32905289676442
-70.43048440263553 45.882609708086584
-72.49162835323416 45.53792949896148
-74.5527723038328 38.31492509626982
-76.61391625443144 29.861321623767264
-78.67506020503008 23.840087912896312
-80.73620415562873 17.64956853239079
-82.79734810622736 12.19722912139712
-84.85849205682601 9.481592547891825
-86.91963600742464 6.748033906702839
-88.98077995802329 6.549304605113192
-91.04192390862194 4.829685295462426
-93.10306785922057 3.1427517921785504
-95.16421180981922 0.4046197621287419
-97.22535576041786 1.5531492153749618
-99.2864997110165 1.938122992048979
-101.34764366161515 0.5808184522752124
-103.40878761221379 0.7931281421691743
-105.46993156281243 -0.2310862270017973
-107.53107551341107 0.16810680058326924
-109.5922194640097 -2.0328119767310677
-111.65336341460835 -1.0985383428679059
-113.71450736520698 -2.7499801510711683
-115.77565131580563 -4.026270707143836
-117.83679526640427 -4.047835365685906
-119.89793921700291 -3.742302424550883
-121.95908316760155 -4.191876173269853
-124.02022711820018 -4.50303002598068
-126.08137106879884 -4.550321303262536
-128.14251501939748 -4.886793155307749
-130.20365896999613 -5.803803910855767
-132.26480292059475 -5.505557168957414
-134.3259468711934 -5.158920100653114
-136.38709082179201 -5.447247415322204
-138.4482347723907 -4.37307320285441
-140.5093787229893 -7.6242320223501965
-142.57052267358796 -6.239052702770473
-144.63166662418658 -4.303168187775413
-146.69281057478526 -4.803340537820235
-148.7539545253839 -4.084116189932777
-150.81509847598252 -6.1911749223170816
-152.87624242658117 -4.569390668612469
-154.9373863771798 -5.101588717939236
-156.99853032777847 -6.195762158995979
-159.0596742783771 -5.200132654354609
-161.12081822897574 -5.871582450161688
-163.18196217957436 -4.95606993022055
-165.243106130173 -4.129706254872075
-167.30425008077165 -5.78720336960846
-169.3653940313703 -3.450869159333382
-171.42653798196892 -6.306342312144592
-173.48768193256757 -5.483995026293602
-175.54882588316622 -4.932649946336043
-177.60996983376486 -4.2020974937464235
-179.67111378436348 -5.681595530409902
-181.73225773496213 -3.9638093379272465
-183.79340168556075 -5.600308074192023
-185.85454563615943 -6.498852596547695
-187.91568958675808 -3.949344055345783
-189.9768335373567 -4.512614422773605
-192.03797748795535 -3.250339043358756
-194.09912143855396 -4.502111600391652
-196.16026538915264 -4.148987592326086
-198.22140933975123 -4.636353922783333
-200.28255329034988 -4.711992464125778
-202.34369724094853 -4.4566725457502026
-204.40484119154718 -4.0186972914270145
-206.4659851421458 -3.8511701942509884
-208.52712909274445 -5.251190864396836
-210.58827304334307 -4.095435722870814
-212.64941699394174 -3.6779543583497953
-214.71056094454036 -2.9080849437559766
-216.771704895139 -4.830182061563282
-218.83284884573763 -4.479333590824525
-220.89399279633628 -3.0577827100887913
-222.95513674693493 -3.5384706283010456
-225.01628069753357 -4.52059960808375
-227.07742464813222 -1.8496083953912954
-229.13856859873084 -4.013495268734806
-231.1997125493295 -3.092991515495315
-233.26085649992814 -3.8586955830251775
-235.3220004505268 -3.9556495396880265
-237.3831444011254 -4.468268953604098
-239.44428835172405 -3.3126645783807236
-241.5054323023227 -2.009329870338448
-243.56657625292135 -3.4079906328626643
-245.62772020351997 -3.9394088514107635
-247.68886415411862 -4.1209735589346925
-249.75000810471724 -4.468917208266325
-251.81115205531592 -3.5916032054789135
-253.87229600591454 -3.9996667506637147
-255.93343995651318 -0.3015704651697625
-257.9945839071118 -2.9069862011795418
-260.05572785771045 -1.8602848854653684
-262.1168718083091 -2.7449600186947265
