# BEGINHEADER
# This file contains data from the SALSA 2m radio telescope.
# DATE=2023-11-14T14:57:0005
# GLON and GLAT given in degrees
# GLON=44.85424239518158
# GLAT=0.26126016303809096
# DATA in two columns below. Col. 1 is velocity relative to LSR [km/s]. Col. 2 is uncalibrated antenna temperature [K].
# ENDHEADER
261.3108441323377 -2.7919186160056277
259.2497001817391 -2.1771800034684876
257.1885562311404 -2.7793796737371643
255.1274122805418 -2.501112034425963
253.06626832994317 -2.7028350644630663
251.00512437934452 -3.8513823246231813
248.94398042874587 -1.9361564249921632
246.88283647814723 -1.7283779129859067
244.82169252754858 -2.610369878390579
242.76054857694996 -2.305732575360099
240.6994046263513 0.39818668740269486
238.63826067575266 -2.4340751984330784
236.577116725154 -1.5820172932684053
234.5159727745554 -1.9311662485363161
232.45482882395675 -1.9154528065466017
230.39368487335813 -2.9290952281396527
228.33254092275945 -3.336506459269703
226.27139697216083 -3.614989636037231
224.21025302156218 -1.7534355157386161
222.14910907096356 -2.469063141174122
220.0879651203649 -1.6333015290766841
218.02682116976627 -3.0368424714294804
215.96567721916762 -2.8325335478619933
213.904533268569 -0.6527366321437914
211.84338931797035 -3.5460829483754175
209.78224536737167 -2.689365629355456
207.72110141677305 -2.9711110062778556
205.6599574661744 -5.0954598115470064
203.59881351557578 -3.1289353547015444
201.53766956497714 -3.94748060740094
199.4765256143785 -3.506665906944922
197.41538166377987 -1.8571122946644045
195.35423771318125 -3.599461445316217
193.2930937625826 -5.011083882422908
191.23194981198395 -3.98825231175786
189.1708058613853 -4.370552549674677
187.10966191078668 -3.5624966297476934
185.04851796018804 -2.3202846033470927
182.9873740095894 -2.64716628753116
180.92623005899074 -3.463354200040368
178.86508610839212 -3.8119810220126715
176.80394215779347 -3.0823013459015485
174.74279820719485 -4.224677283746966
172.68165425659618 -2.9307894844996842
170.62051030599753 -2.3684009122249927
168.5593663553989 -4.552522882944753
166.49822240480026 -3.804347368961475
164.43707845420164 -3.5672742717997075
162.37593450360296 -3.344127842732207
160.31479055300434 -3.5199985409276833
158.2536466024057 -3.8090401515420935
156.19250265180708 -1.76723345929298
154.1313587012084 -3.018491606361744
152.07021475060978 -3.465853216110221
150.00907080001113 -4.205531252535036
147.9479268494125 -3.973800727060332
145.88678289881386 -4.081819525622665
143.82563894821521 -4.503676324124434
141.76449499761657 -5.589175996840224
139.70335104701795 -6.015209043684274
137.6422070964193 -5.933605140744051
135.58106314582068 -3.241966720441683
133.519919195222 -4.9890368954545
131.45877524462335 -4.585379185439159
129.39763129402473 -5.9044756897731485
127.33648734342609 -6.438614465607993
125.27534339282745 -5.083752954062831
123.21419944222882 -5.375424882033812
121.15305549163017 -5.569800924620824
119.09191154103154 -6.961909967969243
117.03076759043289 -4.9524762635866635
114.96962363983425 -4.0000925535969065
112.90847968923559 -6.575957344580175
110.84733573863696 -6.910804804960567
108.78619178803832 -4.676646445776849
106.72504783743967 -5.629430993141975
104.66390388684104 -5.843152701483069
102.60275993624239 -4.58201371472052
100.54161598564376 -5.265412228553991
98.48047203504511 -4.938600206494373
96.41932808444646 -5.2027213712875024
94.35818413384783 -5.548426495850981
92.29704018324918 -6.032492599598794
90.23589623265055 -4.8994007801539174
88.17475228205191 -3.2316688039353907
86.11360833145326 -3.347871576934816
84.05246438085463 -1.554173329003443
81.99132043025598 1.3107092287461084
79.93017647965735 2.6739433692121994
77.8690325290587 5.316670073288742
75.80788857846005 6.978168953747108
73.74674462786142 13.666796251830078
71.68560067726277 22.85801800002295
69.62445672666414 30.327325449634596
67.56331277606549 39.649846349223054
65.50216882546685 46.057815090556005
63.44102487486821 53.32321998212082
61.37988092426957 59.67215941595313
59.31873697367093 63.26080702677179
57.25759302307229 67.91898411827404
55.196449072473655 69.03004119692584
53.135305121875014 69.22111811185331
51.07416117127637 67.88519287475009
49.01301722067773 67.74667875230021
46.95187327007908 64.980075212236
44.89072931948044 61.85702668859608
42.8295853688818 59.65502574751361
40.76844141828317 58.991954863464535
38.707297467684526 56.758066384278735
36.646153517085885 55.18697279928723
34.585009566487244 52.59027941399646
32.5238656158886 53.609864850445305
30.462721665289962 55.96686690173972
28.40157771469132 59.667911958252844
26.34043376409268 62.565991476468724
24.279289813494042 67.11041994905675
22.2181458628954 70.75323808353927
20.15700191229676 68.8064704285292
18.09585796169812 66.44344741116606
16.034714011099478 63.1386810583147
13.973570060500839 62.896789840721254
11.912426109902196 64.95506868134035
9.851282159303555 70.17114285439571
7.7901382087049145 75.72442577850741
5.728994258106274 76.66075500163286
3.6678503075076327 73.48060178639405
1.6067063569089926 61.20494394207113
-0.45443759368964814 45.38394040971678
-2.515581544288289 28.88404031512409
-4.57672549488693 17.423585807714833
-6.6378694454855705 11.278901533099532
-8.699013396084212 5.664590418759699
-10.760157346682853 5.96935210510205
-12.821301297281492 5.954321181279778
-14.882445247880133 4.85141331361392
-16.943589198478776 6.027014606531928
-19.004733149077413 3.4866258731174624
-21.065877099676054 6.165162880755694
-23.127021050274696 5.430523592499046
-25.188165000873337 5.6560923765959625
-27.24930895147198 8.701591183038945
-29.310452902070622 10.407335994984587
-31.37159685266926 11.737240678370611
-33.432740803267905 13.977850026611275
-35.493884753866546 17.747243412384087
-37.55502870446519 19.003758434285132
-39.61617265506383 20.924923732178154
-41.67731660566246 21.87041311923787
-43.7384605562611 23.85737653429424
-45.799604506859744 24.579392399813383
-47.860748457458385 24.194690969455895
-49.92189240805703 24.30773379198581
-51.983036358655674 26.357700772044094
-54.044180309254315 26.911464020523056
-56.10532425985295 24.453842507734812
-58.16646821045159 23.70085057325935
-60.22761216105023 22.05536333147827
-62.28875611164887 20.472974247907143
-64.34990006224751 15.288205813488178
-66.41104401284615 13.355379003978067
-68.4721879634448 10.79200817184228
-70.53333191404343 8.025812684974763
-72.59447586464208 4.83781711319325
-74.65561981524071 3.9131268249557607
-76.71676376583935 2.7103597977579224
-78.777907716438 -0.8662469649691704
-80.83905166703664 -3.756148332352325
-82.90019561763529 -4.111543769443641
-84.96133956823392 -4.70475676365575
-87.02248351883257 -5.27786719352509
-89.0836274694312 -6.150785583897032
-91.14477142002984 -5.335223708830044
-93.20591537062849 -6.085881686727011
-95.26705932122712 -5.657463620346123
-97.32820327182577 -6.037647313531554
-99.38934722242439 -6.271912421610561
-101.45049117302304 -6.114432216555172
-103.51163512362167 -6.391144337195596
-105.57277907422032 -7.082600599242575
-107.63392302481896 -7.069226385656549
-109.6950669754176 -7.123960419298308
-111.75621092601624 -4.940888532412782
-113.81735487661487 -5.529001128117621
-115.87849882721352 -6.979811880052316
-117.93964277781215 -7.0975518911184725
-120.00078672841082 -6.322469517815899
-122.06193067900945 -6.396338407402001
-124.12307462960808 -6.3857810746357515
-126.18421858020673 -7.754946820447113
-128.24536253080535 -7.401117708845808
-130.306506481404 -6.121822989031427
-132.36765043200265 -6.298992691420888
-134.42879438260127 -5.434822916787696
-136.48993833319994 -6.219723918788612
-138.5510822837986 -7.079534855541472
-140.6122262343972 -6.663467484915231
-142.67337018499586 -4.972160495075157
-144.73451413559448 -6.524323367353332
-146.79565808619316 -6.3551992712597345
-148.85680203679178 -6.732630122639278
-150.91794598739042 -7.855418079101037
-152.97908993798904 -6.976984242773719
-155.0402338885877 -5.314360829156715
-157.10137783918634 -7.05568920529766
-159.162521789785 -6.297360623982718
-161.2236657403836 -6.95200797420056
-163.28480969098226 -7.29089415581475
-165.34595364158088 -5.677596400381054
-167.40709759217955 -6.223869432636027
-169.46824154277817 -4.775154929544547
-171.52938549337682 -5.000501991819959
-173.59052944397544 -6.0630551809610385
-175.65167339457412 -6.367254913162645
-177.71281734517277 -7.133361997762463
-179.7739612957714 -5.101792134763322
-181.83510524637003 -6.308184878769393
-183.89624919696865 -5.427794655214482
-185.95739314756733 -5.4063742209679475
-188.01853709816595 -6.076196513304661
-190.0796810487646 -6.180723036743314
-192.14082499936322 -5.9122205391038705
-194.20196894996187 -5.359243744907444
-196.26311290056051 -5.552381974500789
-198.3242568511592 -5.6859528615037584
-200.3854008017578 -5.839169122210051
-202.44654475235646 -5.51907046421499
-204.50768870295508 -8.173941520971457
-206.56883265355376 -6.73381213908148
-208.62997660415238 -5.841286194895774
-210.69112055475102 -5.021116283416508
-212.75226450534964 -6.495006824605559
-214.8134084559483 -5.99922837334355
-216.87455240654697 -6.435229628635296
-218.9356963571456 -7.71053301394498
-220.99684030774424 -5.193384910096407
-223.05798425834286 -5.746781174705073
-225.1191282089415 -3.991143229834412
-227.18027215954015 -7.061412511294687
-229.2414161101388 -3.9982744834385975
-231.30256006073742 -6.104080214143841
-233.36370401133607 -5.514083672234862
-235.4248479619347 -5.816119622012138
-237.48599191253336 -5.936647642595811
-239.54713586313198 -6.008188832362992
-241.60827981373063 -4.667980534391444
-243.66942376432925 -4.79979645777848
-245.73056771492793 -5.788355172936643
-247.79171166552655 -4.550814594230032
-249.8528556161252 -5.574378515813397
-251.91399956672382 -4.8531282349240055
-253.97514351732246 -5.598999062561251
-256.0362874679211 -3.8096885307520894
-258.09743141851976 -2.5244996111488063
-260.1585753691184 -3.448708853275389
-262.21971931971706 -3.7719522691528518
-264.2808632703157 -4.014341007940453
