# BEGINHEADER
# This file contains data from the SALSA 2m radio telescope.
# DATE=2023-11-14T14:36:0041
# GLON and GLAT given in degrees
# GLON=4.922934992037191
# GLAT=0.30264459355346846
# DATA in two columns below. Col. 1 is velocity relative to LSR [km/s]. Col. 2 is uncalibrated antenna temperature [K].
# ENDHEADER
258.41695120180043 -0.038814265169000495
256.3558072512018 -1.6476168537822555
254.29466330060316 -3.218826192624962
252.23351935000454 -2.6819961607890663
250.17237539940587 -2.621431860965327
248.11123144880725 -1.6918947961571404
246.0500874982086 0.00213704056144474
243.98894354760998 -2.6094246575763616
241.9277995970113 -2.0617528575925816
239.86665564641268 -0.23029449259936732
237.80551169581403 2.7916706718352757
235.74436774521538 -2.9855798718518374
233.68322379461677 0.3786473735871424
231.6220798440181 -1.3598715443854787
229.56093589341947 -1.0539884797391004
227.49979194282082 -0.7699281065113002
225.4386479922222 -1.900893779928227
223.37750404162355 -1.9226066485506064
221.3163600910249 -2.1374446677391106
219.25521614042626 -0.958520058551334
217.19407218982764 -2.209268178448531
215.132928239229 -1.3080038974305048
213.07178428863037 -2.0698473619481286
211.0106403380317 0.9354581335451586
208.94949638743307 -0.6935552097707806
206.88835243683442 -3.0011867179745653
204.8272084862358 -1.8354925023987092
202.76606453563713 -2.1007288388017114
200.7049205850385 -1.2355684914077256
198.64377663443986 -2.419299786534428
196.5826326838412 -2.56762329506514
194.5214887332426 -1.6951643109257428
192.46034478264392 -3.4641314974047077
190.3992008320453 -1.5684838623808761
188.33805688144665 -4.063790360228515
186.27691293084803 -3.2493413841488463
184.21576898024938 -2.973662019614951
182.15462502965073 0.7360229446712412
180.09348107905208 -0.5480767521814232
178.03233712845346 -3.789752055813301
175.97119317785481 -2.2297254429584146
173.91004922725617 -1.837414134095718
171.84890527665752 -2.5443885800853594
169.7877613260589 -2.5113948043678422
167.72661737546025 -2.397289078823744
165.66547342486163 -2.759294624690564
163.60432947426295 -1.7498561181392838
161.54318552366433 -1.4270516577758985
159.4820415730657 -2.156359934570412
157.42089762246704 -3.047780106133786
155.35975367186842 -3.1187532529987108
153.29860972126974 -0.9946856964671907
151.23746577067112 -2.304637703047943
149.17632182007247 -2.3482497166021425
147.11517786947385 -1.0361936806624354
145.05403391887518 -2.1658362214725733
142.99288996827656 -2.4307879738334854
140.9317460176779 -4.3549962214530735
138.8706020670793 -3.644811596996292
136.80945811648064 -1.8158162567940759
134.748314165882 -2.760141776984622
132.68717021528334 -4.662261903157374
130.62602626468473 -3.600767430112074
128.56488231408608 -2.3498659131586077
126.50373836348743 -4.2096054066370465
124.4425944128888 -2.5777356874955295
122.38145046229015 -3.8317021558873225
120.32030651169151 -3.093912905990241
118.25916256109286 -2.2645871788193452
116.19801861049423 -2.2133103789545387
114.1368746598956 -3.0174617659036542
112.07573070929695 -3.6739108281121813
110.01458675869831 -4.89726898713777
107.95344280809967 -4.3528797455626815
105.89229885750103 -3.2085231769103224
103.83115490690238 -4.530947461345106
101.77001095630374 -4.343235384141663
99.7088670057051 -5.061067811190185
97.64772305510645 -4.426599420314931
95.58657910450782 -4.414545544910072
93.52543515390917 -3.1968247153386296
91.46429120331054 -4.425050425501885
89.40314725271189 -3.8143311913793223
87.34200330211326 -2.3215544158037105
85.28085935151462 -4.99212597701922
83.21971540091597 -2.7428132295422563
81.15857145031734 -4.498906925563082
79.09742749971869 -4.232874082854114
77.03628354912006 -4.131124277422704
74.97513959852142 -4.52330677627974
72.91399564792277 -4.967418557102351
70.85285169732414 -5.1898861776138645
68.79170774672549 -4.5857516983827615
66.73056379612686 -3.7240729923997367
64.66941984552821 -5.619054944259067
62.60827589492957 -4.5633651349152835
60.54713194433093 -3.0743816475779435
58.48598799373229 -3.738874898851788
56.424844043133646 -4.432415039038219
54.36370009253501 -3.724203968409353
52.302556141936364 -3.01925213719445
50.24141219133772 -1.1752086691404482
48.18026824073908 0.9801959902909448
46.11912429014044 -1.330309353471005
44.0579803395418 -1.9342595322737832
41.99683638894316 -2.4129826146871123
39.935692438344525 2.1086137393150324
37.874548487745884 0.6222750793500018
35.81340453714724 -0.14809004144353377
33.752260586548594 2.377343375571039
31.691116635949957 4.9041552370385295
29.629972685351316 6.038028156829296
27.568828734752675 5.429490856558773
25.507684784154034 9.66389208965456
23.446540833555392 11.171630781519575
21.38539688295675 13.012721170766858
19.324252932358107 14.457360069280023
17.26310898175947 14.979657223310221
15.201965031160828 15.848126734915414
13.140821080562185 19.81089509672205
11.079677129963546 20.840920962249534
9.018533179364907 22.801220979905978
6.957389228766265 18.044381646810304
4.8962452781676244 15.753542033102802
2.8351013275689834 19.120847142270264
0.7739573769703426 20.528166353697255
-1.2871865736282981 19.2795193555027
-3.3483305242269386 15.240018097270355
-5.40947447482558 13.759898202214428
-7.470618425424221 11.893184726619964
-9.531762376022861 9.787930754632262
-11.592906326621502 11.346365121124679
-13.654050277220144 10.814899982104635
-15.715194227818785 9.064553970740556
-17.776338178417422 7.430892371479616
-19.837482129016067 5.610276695715339
-21.898626079614708 3.4245661847543807
-23.959770030213345 4.015754829702359
-26.020913980811983 1.267669480123772
-28.082057931410628 2.29588862448438
-30.14320188200927 -1.4099338171989484
-32.204345832607906 -2.804240358387982
-34.26548978320655 -4.01439897629367
-36.32663373380519 -4.037586802677496
-38.38777768440383 -3.5402597672229414
-40.44892163500247 -5.5252658535030506
-42.51006558560111 -4.96634993825123
-44.57120953619975 -4.31815209590709
-46.632353486798394 -5.123184909377405
-48.693497437397035 -5.158308829813711
-50.754641387995676 -7.278940438712361
-52.81578533859432 -7.034143818706189
-54.87692928919296 -7.242248890226487
-56.93807323979159 -5.244924554770905
-58.99921719039023 -4.44714848075203
-61.060361140988874 -6.191660191354426
-63.12150509158752 -5.7858036057241975
-65.18264904218616 -5.453319205491979
-67.2437929927848 -6.2644467884847055
-69.30493694338344 -7.008894724925068
-71.36608089398209 -7.96279761460517
-73.42722484458072 -4.408283302125279
-75.48836879517937 -6.732102402414002
-77.549512745778 -9.020549058284276
-79.61065669637664 -5.6730337997360705
-81.67180064697529 -6.8380951216181245
-83.73294459757392 -6.151548145137617
-85.79408854817257 -6.1253327175295125
-87.8552324987712 -5.761617485555302
-89.91637644936985 -6.758537203753797
-91.9775203999685 -6.277940486939054
-94.03866435056713 -5.280940689568378
-96.09980830116578 -6.668385330246733
-98.16095225176441 -7.368079056138772
-100.22209620236306 -6.279307676865216
-102.2832401529617 -6.503253461838678
-104.34438410356034 -8.222694725149335
-106.40552805415898 -6.137721551440752
-108.46667200475761 -5.363501902755298
-110.52781595535626 -7.127546955649757
-112.5889599059549 -4.302010290447955
-114.65010385655354 -6.9742207522989075
-116.71124780715218 -8.931183360511486
-118.77239175775081 -6.614081049555624
-120.83353570834946 -4.674445517729004
-122.89467965894809 -4.775949003764912
-124.95582360954674 -5.085717859971201
-127.01696756014537 -5.558327813952272
-129.07811151074404 -5.757001571364339
-131.13925546134266 -6.671690989194408
-133.2003994119413 -6.522147578087733
-135.26154336253992 -7.890469919474494
-137.3226873131386 -7.808981889634987
-139.38383126373722 -6.288750501469109
-141.44497521433587 -6.216754232500587
-143.5061191649345 -5.382418932870259
-145.56726311553317 -6.466431211627069
-147.62840706613179 -5.644221927336389
-149.68955101673043 -5.197410160213749
-151.75069496732908 -6.322129391430393
-153.8118389179277 -5.992670726666099
-155.87298286852638 -7.458543504182627
-157.934126819125 -4.8280805466473575
-159.99527076972365 -6.595356630885234
-162.05641472032227 -4.952576320627781
-164.1175586709209 -4.168263060652281
-166.17870262151956 -5.4892704302832565
-168.2398465721182 -5.054776607258556
-170.30099052271683 -5.818931047332305
-172.36213447331548 -4.2364055042595
-174.4232784239141 -5.640337528977709
-176.48442237451277 -5.39277047104568
-178.5455663251114 -5.767407104291056
-180.60671027571004 -3.0523459933977115
-182.66785422630866 -4.911986229176407
-184.72899817690734 -5.451507437767368
-186.79014212750596 -6.487852343482418
-188.8512860781046 -7.651765774555743
-190.91243002870326 -5.126366407648985
-192.97357397930188 -5.942848153371151
-195.03471792990055 -4.612546127326075
-197.09586188049917 -6.1657638688877485
-199.15700583109782 -5.539484257666337
-201.21814978169644 -4.870924204446963
-203.2792937322951 -4.287332538901002
-205.34043768289374 -4.251093873107297
-207.40158163349238 -6.304905227924752
-209.462725584091 -4.323072616002478
-211.52386953468965 -5.3501177755383065
-213.5850134852883 -5.233798526567243
-215.64615743588695 -3.445087217482077
-217.70730138648557 -5.977900858086243
-219.76844533708422 -3.872866195319995
-221.82958928768284 -3.99633566079544
-223.8907332382815 -4.7694142498257
-225.95187718888016 -5.429354647878034
-228.01302113947878 -5.0986175143015355
-230.07416509007743 -5.730360370120975
-232.13530904067605 -2.24219576438932
-234.19645299127473 -5.700306317074325
-236.25759694187335 -3.868466507337855
-238.318740892472 -3.9235215067520057
-240.3798848430706 -6.5167936345411155
-242.4410287936693 -4.656107839803472
-244.5021727442679 -3.691343105531468
-246.56331669486656 -3.8559037984673226
-248.62446064546518 -5.704596699408765
-250.68560459606383 -3.052696043356854
-252.74674854666247 -3.9931492797248613
-254.80789249726112 -4.852704691348844
-256.86903644785974 -3.7063424893613
-258.9301803984584 -3.025037385005454
-260.99132434905704 -2.8306160649828063
-263.05246829965563 -2.9687544849446095
-265.11361225025433 -4.298023085453233
-267.174756200853 -3.829833999218291
