# BEGINHEADER
# This file contains data from the SALSA 2m radio telescope.
# DATE=2023-11-14T14:44:0057
# GLON and GLAT given in degrees
# GLON=19.75923305821641
# GLAT=0.20548409392231803
# DATA in two columns below. Col. 1 is velocity relative to LSR [km/s]. Col. 2 is uncalibrated antenna temperature [K].
# ENDHEADER
259.1279577156788 -2.2942255962584324
257.06681376508016 -4.437867887355069
255.00566981448154 -3.3808835292153074
252.9445258638829 -3.0202032968509385
250.8833819132842 -3.3740029396121125
248.8222379626856 -0.4864775664700944
246.76109401208694 -1.9042842644085403
244.69995006148832 -1.3014613432527165
242.63880611088965 -2.7511729470677104
240.57766216029103 4.341381558682924
238.51651820969238 9.273175447204984
236.45537425909376 -2.650214012851281
234.3942303084951 -0.3643895973636936
232.33308635789646 -2.809435458707717
230.27194240729781 -1.4811822627446818
228.2107984566992 -1.037121733399034
226.14965450610055 -2.531655238060608
224.08851055550193 -1.5353625104966342
222.02736660490325 -1.5906724734409654
219.96622265430463 -1.6242958668427987
217.90507870370598 -0.2141068004052963
215.84393475310736 0.37056243187201215
213.7827908025087 -1.420369243881204
211.72164685191004 1.0838949210636886
209.66050290131142 2.0955128361414914
207.59935895071277 -1.299814393965683
205.53821500011415 -1.020543549239196
203.47707104951547 -3.146536234918284
201.41592709891685 -2.8468167665487014
199.3547831483182 -2.4116971013080453
197.29363919771956 -2.4309081577795744
195.2324952471209 -2.7434173190588362
193.1713512965223 -2.5033275325337048
191.1102073459236 -2.3498179689254948
189.049063395325 -1.9511216481416376
186.98791944472634 -2.455954828362082
184.92677549412772 -3.2111282845679003
182.86563154352908 -0.6305773365509499
180.80448759293043 -1.16715610254173
178.74334364233178 -2.5997293765162626
176.68219969173313 -3.899790905375357
174.6210557411345 -3.0449990847688833
172.55991179053584 -1.908441077295794
170.49876783993722 -3.312018033812385
168.43762388933857 -3.4550527105455657
166.37647993873995 -3.3226329800983248
164.3153359881413 -3.671171793538803
162.25419203754265 -2.7518521527822446
160.193048086944 -2.5329354510354087
158.13190413634538 -3.259656147680755
156.07076018574674 -4.064882307400082
154.00961623514812 -4.654981357335187
151.94847228454944 -3.3765521605414075
149.88732833395082 -3.0247375289881915
147.82618438335217 -3.269224406690949
145.76504043275355 -3.3856282243186175
143.7038964821549 -3.804167631083176
141.64275253155625 -4.113859639133219
139.5816085809576 -3.010807584036259
137.52046463035896 -2.9363800329827874
135.45932067976034 -1.637728304558145
133.39817672916166 -1.5553598655724408
131.33703277856304 -0.6581359327951334
129.2758888279644 0.49551042178833604
127.21474487736577 1.468127921100978
125.15360092676713 3.0829128658312412
123.09245697616849 3.6455053868411023
121.03131302556983 6.392820380265309
118.9701690749712 7.225518274113386
116.90902512437256 8.363908545369013
114.84788117377391 10.184574449693864
112.78673722317528 9.818818801712032
110.72559327257663 13.26540307484176
108.664449321978 13.491660246390852
106.60330537137935 13.930680036525253
104.54216142078072 15.834222364366662
102.48101747018208 16.35376227776689
100.41987351958343 15.505029439600602
98.3587295689848 14.891654621453322
96.29758561838615 14.537628315178592
94.23644166778752 17.259364520907464
92.17529771718887 17.394778329075475
90.11415376659023 16.88729710046149
88.0530098159916 17.787853243603045
85.99186586539295 15.045901929851869
83.93072191479432 15.318682844716497
81.86957796419566 15.825739349952492
79.80843401359702 16.66696585138143
77.74729006299837 17.065812849238682
75.68614611239974 17.03083574361364
73.6250021618011 17.361701579700494
71.56385821120246 18.167976487105214
69.50271426060382 17.90221178894421
67.44157031000518 19.00582704912255
65.38042635940654 19.79869332266584
63.3192824088079 22.29050741467559
61.25813845820926 25.34254027068329
59.19699450761062 25.57908811478389
57.13585055701198 26.682804814578752
55.074706606413336 28.445768461926026
53.0135626558147 29.116663479757527
50.952418705216054 30.405024323212146
48.89127475461741 32.79917391807165
46.83013080401877 33.894962920197116
44.76898685342013 34.23049665232206
42.70784290282149 36.912082721641646
40.646698952222856 37.84185340004767
38.585555001624215 38.87447042240002
36.524411051025574 38.681249760370925
34.46326710042693 41.98449712832299
32.402123149828284 44.19572775563617
30.34097919922965 47.355747919177276
28.279835248631006 50.302523854994234
26.218691298032365 49.27074141861165
24.157547347433727 55.12166778658673
22.096403396835086 60.97208950083665
20.03525944623645 66.23747634536569
17.974115495637804 66.02269136441461
15.912971545039165 65.9272096283925
13.851827594440524 61.708915043023815
11.79068364384188 61.94749366942573
9.729539693243241 60.98525384999346
7.6683957426446 57.110137558785915
5.607251792045959 59.86876547916633
3.5461078414473186 63.13921926610429
1.4849638908486784 68.03629144338157
-0.5761800597499624 65.07945530777779
-2.6373240103486033 47.02933778251359
-4.698467960947244 32.45358649509402
-6.7596119115458855 24.13770161837366
-8.820755862144527 22.91570082604769
-10.881899812743166 20.856117356643693
-12.943043763341807 17.09202413877455
-15.004187713940446 14.595479569325954
-17.065331664539087 14.590432592049792
-19.12647561513773 16.68446996748113
-21.18761956573637 15.45083436263044
-23.24876351633501 17.780615362598017
-25.30990746693365 17.436165390968643
-27.371051417532293 17.0570188965374
-29.432195368130937 18.451121838462747
-31.49333931872958 18.434608812879446
-33.554483269328216 18.2145482274044
-35.61562721992686 15.79115998300675
-37.6767711705255 14.217747226325688
-39.73791512112414 7.861803543808151
-41.79905907172278 5.765746248777975
-43.860203022321414 3.283906221291763
-45.92134697292006 -0.11238045614598612
-47.982490923518704 -3.177019654092661
-50.043634874117345 -4.950749236369019
-52.104778824715986 -6.79351684780273
-54.16592277531463 -7.328805893667033
-56.22706672591326 -6.402516613213786
-58.2882106765119 -7.420588308369554
-60.34935462711054 -8.319670388255954
-62.410498577709184 -7.578241014651496
-64.47164252830783 -9.535178972414394
-66.53278647890646 -6.93677104943954
-68.59393042950511 -7.052699929098485
-70.65507438010374 -8.983413134273757
-72.7162183307024 -9.194708329760383
-74.77736228130104 -8.576961568853605
-76.83850623189967 -8.013058431526703
-78.89965018249832 -7.796827237540352
-80.96079413309695 -8.617318757682266
-83.0219380836956 -9.63869560453634
-85.08308203429424 -8.28495727563067
-87.14422598489288 -7.713089084726239
-89.20536993549152 -10.833549707688213
-91.26651388609015 -7.755295680083656
-93.3276578366888 -8.113009865681974
-95.38880178728743 -9.183976214505186
-97.44994573788608 -7.600899524212599
-99.51108968848472 -8.386738702677958
-101.57223363908336 -8.084997573727264
-103.633377589682 -7.875966668353336
-105.69452154028063 -8.1719995006401
-107.75566549087928 -7.45925936254689
-109.81680944147791 -6.680663218747194
-111.87795339207658 -7.3520023410744715
-113.93909734267521 -8.197560726694478
-116.00024129327386 -8.237398850073093
-118.0613852438725 -8.024807908574497
-120.12252919447113 -7.062839464610968
-122.18367314506978 -7.231364065306781
-124.24481709566841 -8.552584170909956
-126.30596104626706 -7.7526463300971145
-128.3671049968657 -7.6555897596898115
-130.42824894746434 -8.732367167836971
-132.489392898063 -7.387886554271791
-134.5505368486616 -7.467458986783584
-136.61168079926026 -9.281863447782355
-138.6728247498589 -7.706843350245455
-140.73396870045755 -8.138792058992852
-142.79511265105617 -8.858741693298752
-144.85625660165482 -6.057082902444045
-146.91740055225344 -9.286828910901042
-148.97854450285212 -7.07519688129487
-151.03968845345074 -6.485162884421548
-153.10083240404938 -7.598011046359603
-155.161976354648 -8.656188092984765
-157.22312030524668 -7.853644872439377
-159.2842642558453 -8.688096876763295
-161.34540820644395 -9.629889391652261
-163.40655215704257 -8.82475761227633
-165.46769610764122 -7.1265077830034445
-167.52884005823987 -7.07030564298613
-169.5899840088385 -8.051666486831204
-171.65112795943716 -7.4120990395875355
-173.71227191003578 -8.897898515976541
-175.77341586063443 -6.006814318183043
-177.83455981123308 -7.210874334597704
-179.89570376183173 -9.00594743995041
-181.95684771243035 -8.041670130057806
-184.017991663029 -8.202294976198859
-186.07913561362764 -8.010899670150735
-188.1402795642263 -8.152089594550695
-190.2014235148249 -7.23533486108986
-192.26256746542356 -8.18162798766919
-194.32371141602218 -9.862039873364566
-196.38485536662085 -6.875776622018833
-198.44599931721945 -7.806203113270419
-200.5071432678181 -7.415981391221373
-202.5682872184167 -9.082017434660072
-204.6294311690154 -8.06445925754992
-206.690575119614 -6.764201640762845
-208.75171907021266 -6.921006899288142
-210.8128630208113 -8.354354828598087
-212.87400697140995 -6.936620231002457
-214.9351509220086 -9.572069961337617
-216.99629487260722 -7.566098164846259
-219.05743882320587 -8.298592169902474
-221.1185827738045 -6.927562318582528
-223.17972672440317 -5.592854291170409
-225.2408706750018 -8.033754086534163
-227.30201462560044 -6.097751850406695
-229.36315857619906 -8.280169602514393
-231.4243025267977 -6.344670490973023
-233.48544647739635 -7.4933928332651
-235.546590427995 -7.499994023831804
-237.60773437859362 -7.804386818986023
-239.66887832919227 -8.600035831737786
-241.73002227979092 -7.658422850557881
-243.79116623038956 -7.8038016641152
-245.85231018098818 -6.3608475451304125
-247.91345413158683 -7.817971105362091
-249.97459808218548 -6.573468431549926
-252.03574203278413 -6.472119897890921
-254.09688598338278 -7.998979779567038
-256.1580299339814 -8.10631614742049
-258.21917388458 -5.995455132630552
-260.28031783517866 -1.4539351586148916
-262.3414617857773 -6.664067165147563
-264.40260573637596 -4.867775994031051
-266.4637496869746 -5.660027178472396
