# BEGINHEADER
# This file contains data from the SALSA 2m radio telescope.
# DATE=2023-11-14T14:39:0021
# GLON and GLAT given in degrees
# GLON=9.87964817785499
# GLAT=0.25331166317180726
# DATA in two columns below. Col. 1 is velocity relative to LSR [km/s]. Col. 2 is uncalibrated antenna temperature [K].
# ENDHEADER
258.59783034004136 -1.9378469737760686
256.53668638944276 -3.643634775287664
254.47554243884412 -3.4237543098527037
252.41439848824544 -4.008663316751854
250.35325453764682 -3.0519398187489437
248.29211058704817 -1.899907708985431
246.23096663644955 -2.221556949826232
244.1698226858509 -1.2245192052785001
242.10867873525225 -3.8319253134262468
240.0475347846536 6.065191916701586
237.986390834055 17.934202271020986
235.92524688345634 -3.8980761432388564
233.86410293285766 -0.3622049747693893
231.80295898225904 -2.92056341856424
229.7418150316604 -1.3585369182524683
227.68067108106177 -1.6872601832287897
225.61952713046313 -4.065731834067608
223.55838317986448 -2.2316348832733497
221.49723922926583 -2.630167923214037
219.4360952786672 -1.3188078299751231
217.37495132806856 -3.2260991528512015
215.31380737746994 -1.7429399200552498
213.25266342687127 -5.706451218029777
211.19151947627265 8.988457485076632
209.130375525674 9.03080843352209
207.06923157507538 -6.88814448364247
205.0080876244767 -1.577686836850975
202.94694367387808 -4.152707532028115
200.88579972327943 -2.019900659341407
198.82465577268079 -3.805765851878724
196.76351182208217 -4.912207365493781
194.70236787148352 -2.4945829401073785
192.6412239208849 -3.7668801799758374
190.58007997028625 -4.22109496156479
188.51893601968763 -4.160281189108689
186.45779206908895 -3.034451460580629
184.39664811849033 -4.55457735242025
182.33550416789168 5.766048673301429
180.27436021729307 0.7415363499586568
178.2132162666944 -4.492109806696576
176.15207231609577 -1.9716458783008508
174.09092836549712 -2.7180050264162428
172.0297844148985 -3.820582077866506
169.96864046429985 -3.2420234220704596
167.9074965137012 -2.367026214166943
165.84635256310256 -2.2575140409006744
163.78520861250394 -0.9999259575427496
161.7240646619053 -2.749223200878774
159.66292071130667 -0.2574864929625668
157.601776760708 -1.916634060850719
155.54063281010934 -3.72183089427274
153.47948885951072 -1.3362006310724133
151.41834490891208 -1.7299549778356342
149.35720095831346 -2.4827661100899308
147.29605700771478 -3.8555331762910545
145.23491305711616 -3.651713231053933
143.1737691065175 -3.082435944562261
141.1126251559189 -2.185552612389856
139.05148120532021 -3.018609069159789
136.9903372547216 -2.2202348722997396
134.92919330412295 -3.5181486622806104
132.86804935352433 -1.859281890608412
130.80690540292568 -3.6611405890984416
128.74576145232703 -2.628981795974218
126.68461750172838 -0.8942600801936004
124.62347355112975 -1.341396296363317
122.5623296005311 -2.1490189502287174
120.50118564993247 -4.056156909864057
118.44004169933383 -3.2486616590171806
116.37889774873518 -3.1721868860796145
114.31775379813655 -2.4043021463585488
112.2566098475379 -3.976945577644176
110.19546589693927 -4.598046810990784
108.13432194634062 -3.391551805342278
106.07317799574199 -3.1960460410475378
104.01203404514335 -4.4359714519064
101.9508900945447 -4.709266798932918
99.88974614394606 -3.63548288621803
97.82860219334741 -1.3977918612177103
95.76745824274876 -1.871623729716371
93.70631429215013 -4.145281528717472
91.64517034155148 -3.2533990102008064
89.58402639095284 -3.662694793442566
87.5228824403542 -4.151881318939512
85.46173848975556 -3.3993359554671705
83.40059453915693 -3.310996213089381
81.33945058855828 -2.8909574645902123
79.27830663795964 -1.8750663720715535
77.217162687361 -2.183910439774168
75.15601873676236 -3.7613163830120206
73.09487478616373 -4.0092568090809735
71.03373083556508 -2.175059131728634
68.97258688496645 -0.3232551756318958
66.9114429343678 1.0341714444525036
64.85029898376916 1.6330199137283525
62.789155033170516 2.19098196242184
60.728011082571875 3.82550066189563
58.666867131973234 3.9383485048684377
56.60572318137459 6.978946795321056
54.54457923077595 7.779339905175287
52.483435280177304 9.61561366198168
50.42229132957867 9.936389778320619
48.361147378980036 13.205620361280708
46.300003428381395 15.355984927953497
44.23885947778275 18.22033383049929
42.17771552718411 23.49111758618377
40.11657157658547 25.61599198979118
38.05542762598683 26.971946197448947
35.99428367538819 29.487292093507683
33.933139724789555 35.45362861402841
31.871995774190907 36.802137297507585
29.81085182359227 39.49395814535855
27.749707872993625 44.29966884841601
25.688563922394984 47.65690953554771
23.627419971796346 54.00293859377819
21.566276021197705 57.74729556471927
19.505132070599064 61.70760856487413
17.443988120000423 65.68665750284914
15.382844169401782 67.05563432345167
13.32170021880314 70.47882818828303
11.2605562682045 68.83459321100612
9.19941231760586 68.11220186573293
7.1382683670072185 60.48272714593923
5.077124416408577 54.92429669469228
3.0159804658099367 60.46185741357619
0.9548365152112958 59.713306945449396
-1.1063074353873452 50.026298330300925
-3.1674513859859856 38.85842147185693
-5.228595336584626 30.769469839888743
-7.2897392871832665 32.318610414081306
-9.350883237781908 31.18968841572418
-11.412027188380547 28.4021175520962
-13.47317113897919 29.552260474512245
-15.534315089577829 28.591035650177805
-17.59545904017647 28.0644994476481
-19.656602990775113 26.406193457212236
-21.717746941373754 21.27462525316491
-23.77889089197239 16.290179958083318
-25.840034842571033 12.262152233410506
-27.901178793169674 7.327457277042086
-29.96232274376832 3.930978992116431
-32.02346669436695 -1.128296477609091
-34.08461064496559 -1.3659027918863875
-36.145754595564235 -2.7854208968533967
-38.206898546162876 -5.061340282283577
-40.26804249676152 -4.1282437003112085
-42.32918644736016 -5.634647901201823
-44.390330397958806 -5.150733302017757
-46.45147434855745 -5.822744262166894
-48.51261829915608 -7.231030482467853
-50.57376224975473 -6.674416488122187
-52.63490620035337 -8.069124591758664
-54.69605015095201 -7.51114452604037
-56.75719410155065 -8.611655647434743
-58.81833805214929 -8.83214310460463
-60.87948200274793 -7.649345074720585
-62.940625953346576 -6.885849915020338
-65.00176990394522 -8.063778858866177
-67.06291385454385 -9.567562719065513
-69.1240578051425 -8.237369164503802
-71.18520175574113 -9.894173304168014
-73.24634570633978 -8.99971049603783
-75.30748965693842 -8.180313387445686
-77.36863360753706 -10.697764255459719
-79.4297775581357 -9.495291071834929
-81.49092150873433 -9.401223527432572
-83.55206545933298 -9.47233202668439
-85.61320940993161 -7.41845699152358
-87.67435336053026 -8.37886491861693
-89.7354973111289 -7.285353171226552
-91.79664126172756 -9.836702985123745
-93.85778521232619 -9.963755364327765
-95.91892916292483 -9.182955162030478
-97.98007311352347 -9.133889397595162
-100.0412170641221 -7.439457717181563
-102.10236101472074 -9.302217551833186
-104.16350496531938 -9.943557938340426
-106.22464891591802 -8.693782880518299
-108.28579286651666 -10.835227365437664
-110.3469368171153 -9.412215528225607
-112.40808076771394 -8.955827537825412
-114.46922471831257 -8.380722987198865
-116.53036866891122 -9.159360111082025
-118.59151261950986 -8.869605154708855
-120.6526565701085 -8.557087703030312
-122.71380052070714 -8.626052850792151
-124.77494447130579 -9.802802481593476
-126.83608842190442 -9.3410430507612
-128.89723237250305 -7.822237588177788
-130.9583763231017 -10.402902093743865
-133.01952027370035 -6.926144734372683
-135.080664224299 -8.61301754470246
-137.14180817489762 -9.025193506260967
-139.20295212549627 -9.3966380416638
-141.2640960760949 -8.397157526341473
-143.32524002669356 -7.5624506778625395
-145.38638397729218 -9.552980555114043
-147.44752792789083 -7.405216341446207
-149.50867187848945 -9.266622403969366
-151.56981582908813 -9.58385474776943
-153.63095977968678 -7.978289983672143
-155.6921037302854 -9.155021527734212
-157.75324768088404 -7.329606969119072
-159.81439163148266 -7.252716258971745
-161.87553558208134 -8.29368283064565
-163.93667953267996 -9.62438250599914
-165.9978234832786 -9.963718292141861
-168.05896743387723 -8.925782109662617
-170.12011138447588 -8.786839440890569
-172.18125533507452 -6.970651524941381
-174.24239928567317 -9.464304510430066
-176.3035432362718 -7.734683617915227
-178.36468718687044 -9.576558435511915
-180.4258311374691 -6.7181983914046475
-182.48697508806774 -8.259722332111897
-184.54811903866636 -8.469567872613215
-186.609262989265 -7.035541216775117
-188.67040693986362 -7.109319096030563
-190.7315508904623 -7.992870478868039
-192.79269484106095 -10.431117964543656
-194.85383879165957 -8.228343677350724
-196.91498274225822 -10.111462348568683
-198.97612669285687 -8.05259635994917
-201.0372706434555 -7.919731610971468
-203.09841459405416 -9.497614695863495
-205.1595585446528 -9.018022273714706
-207.22070249525143 -7.7690949912669485
-209.28184644585008 -8.630767712211172
-211.3429903964487 -10.37027648051072
-213.40413434704737 -6.903208849017686
-215.465278297646 -8.338716033401512
-217.52642224824464 -9.132343614803462
-219.58756619884326 -7.381280009293642
-221.64871014944194 -8.152890600429151
-223.70985410004056 -9.712322909083499
-225.7709980506392 -9.389036104679928
-227.83214200123786 -8.160601522430689
-229.89328595183648 -9.055492900733448
-231.95442990243515 -3.212128592204604
-234.01557385303377 -7.460258405176146
-236.07671780363242 -7.961611988306873
-238.13786175423104 -8.243005372586651
-240.1990057048297 -9.990151391189217
-242.26014965542834 -8.881521324918614
-244.32129360602698 -6.924080737619652
-246.3824375566256 -6.662722759911177
-248.44358150722425 -7.980358563288931
-250.5047254578229 -10.613559058423519
-252.56586940842155 -8.062839306082406
-254.62701335902017 -7.21127350974378
-256.6881573096188 -7.4758809359342635
-258.74930126021746 -5.189039673717768
-260.8104452108161 1.9158349045903598
-262.8715891614147 -6.675911582864174
-264.93273311201335 -3.523396916697921
-266.99387706261206 -4.882470377036041
