# BEGINHEADER
# This file contains data from the SALSA 2m radio telescope.
# DATE=2023-11-14T14:49:0042
# GLON and GLAT given in degrees
# GLON=29.889173702737402
# GLAT=0.31423069730400877
# DATA in two columns below. Col. 1 is velocity relative to LSR [km/s]. Col. 2 is uncalibrated antenna temperature [K].
# ENDHEADER
259.9342445062786 -2.749293538582632
257.87310055568 -5.091411209518653
255.81195660508138 -4.61757827969541
253.7508126544827 -2.842108405861538
251.68966870388405 -3.2386702484135728
249.62852475328543 -4.828105668709229
247.56738080268678 -3.1926256346753354
245.50623685208816 -3.358675314463906
243.4450929014895 -3.1701279459854685
241.38394895089087 -2.931672371596278
239.32280500029222 -0.35012188342462613
237.2616610496936 -2.9958301105654845
235.20051709909495 -3.567599986300783
233.1393731484963 -3.0931587268428733
231.07822919789766 -3.3074976031714898
229.01708524729904 -2.66336214767203
226.9559412967004 -5.0189870664786325
224.89479734610177 -2.470063030792898
222.8336533955031 -3.1178041219781596
220.77250944490447 -4.4542724313343935
218.71136549430582 -3.5670805512982766
216.6502215437072 -3.9686364739633473
214.58907759310853 -2.787789197719438
212.52793364250988 -3.9751623974623618
210.46678969191126 -3.255488522773287
208.4056457413126 -2.4330505436721097
206.344501790714 -2.349728205832673
204.28335784011531 -3.0770585172382336
202.2222138895167 -3.6861536701303543
200.16106993891805 -3.93499868924852
198.09992598831943 -2.7329024472212664
196.03878203772078 -1.7733427986934092
193.97763808712213 -3.3695484936733595
191.91649413652348 -3.777085647136852
189.85535018592486 -3.951727397759836
187.79420623532621 -4.8694646937843045
185.73306228472757 -3.7680165210640224
183.67191833412892 -5.186203562985859
181.6107743835303 -5.457207411123922
179.54963043293165 -3.1856701057858396
177.48848648233303 -3.4286702924912587
175.42734253173435 -5.267993442970699
173.3661985811357 -6.426464255696854
171.3050546305371 -5.810052723797138
169.24391067993844 -3.9767762821436374
167.18276672933982 -4.49505552111373
165.12162277874114 -4.517182280720164
163.06047882814252 -4.073202592018988
160.99933487754387 -5.1198888238355496
158.93819092694525 -4.539444233072141
156.87704697634658 -5.572021417749643
154.81590302574796 -5.001039416180126
152.7547590751493 -5.807017726089799
150.6936151245507 -5.741006859039671
148.63247117395204 -6.48462880046144
146.5713272233534 -5.076626795553571
144.51018327275474 -5.159248325088809
142.44903932215612 -4.192924060694706
140.38789537155748 -4.258382995763856
138.32675142095886 -7.376826328016668
136.26560747036018 -5.266122226715339
134.20446351976153 -7.1341469199359775
132.1433195691629 -5.815312840645344
130.08217561856426 -5.347159131066659
128.02103166796562 -5.783718944789011
125.959887717367 -5.478407700955776
123.89874376676835 -5.147061586870645
121.83759981616971 -4.376256475818285
119.77645586557107 -4.930008029150468
117.71531191497243 -2.852330519912119
115.65416796437377 -1.7738671058119801
113.59302401377514 1.3671018800353485
111.5318800631765 2.1616434269704556
109.47073611257785 7.687071339606208
107.40959216197922 12.224925700056637
105.34844821138057 15.938780732907153
103.28730426078194 16.926213279092355
101.22616031018329 20.02871787323561
99.16501635958465 23.575568668081445
97.103872408986 25.76682023823624
95.04272845838736 27.167726737016814
92.98158450778872 28.850639438712417
90.92044055719009 29.584396210186927
88.85929660659144 29.818850416520778
86.79815265599281 29.973918582597893
84.73700870539416 30.408511351258472
82.67586475479553 32.375781597781994
80.61472080419688 31.253329343436125
78.55357685359823 31.57764738546088
76.4924329029996 32.10101677004545
74.43128895240095 33.05106089230941
72.37014500180231 31.200358818708313
70.30900105120367 28.67246394494769
68.24785710060503 27.947808365599435
66.18671315000638 25.92002864161321
64.12556919940775 26.290201614648694
62.06442524880911 25.858585463412865
60.00328129821047 28.77518494416907
57.94213734761183 30.34268462522724
55.88099339701319 32.62457826566736
53.81984944641455 34.10861049325339
51.75870549581591 39.153268466609966
49.69756154521726 41.42822535788883
47.63641759461863 42.78843445858723
45.57527364401999 42.73751729039823
43.514129693421346 45.875033295555816
41.45298574282271 43.550980930880264
39.39184179222407 42.14274739609264
37.33069784162543 38.851462484823614
35.26955389102679 39.467259967381715
33.20840994042815 41.78492298139241
31.147265989829506 44.81506767731026
29.086122039230865 49.269796661182546
27.024978088632224 54.14215711375415
24.96383413803358 60.02262649778057
22.90269018743494 62.94335679057886
20.841546236836297 59.62875678119167
18.78040228623766 62.89777589190003
16.71925833563902 63.88585758736642
14.658114385040376 66.67425280416444
12.596970434441735 69.96934998184531
10.535826483843096 69.8485642588875
8.474682533244453 64.97552837324409
6.4135385826458124 62.09536236443096
4.352394632047172 60.63283862442265
2.2912506814485316 57.620766475338094
0.23010673084989067 53.46682201890756
-1.8310372197487503 37.720651054738404
-3.8921811703473908 24.00081913717887
-5.953325120946031 13.53913210152218
-8.014469071544672 11.358376263605106
-10.075613022143314 10.063244512630414
-12.136756972741955 10.53986378417557
-14.197900923340594 10.637353855466305
-16.259044873939235 10.080148182520057
-18.320188824537876 13.792189190193636
-20.381332775136517 12.40481858101776
-22.442476725735155 14.265934099514222
-24.5036206763338 12.610431760496187
-26.564764626932437 13.549346286629788
-28.625908577531078 14.473661932283472
-30.68705252812972 16.186451296085686
-32.74819647872836 16.44504148231854
-34.809340429327 18.991125762858317
-36.87048437992564 18.11100047373928
-38.93162833052428 16.594525350179058
-40.992772281122924 16.13227502297356
-43.05391623172156 15.420532793025869
-45.1150601823202 15.030390773992648
-47.17620413291885 14.078465409284266
-49.23734808351749 11.97099273230514
-51.29849203411614 7.054303379590978
-53.35963598471477 4.752534480767169
-55.42077993531341 4.035137661512097
-57.48192388591205 1.0712979296903078
-59.543067836510694 -1.988560613566594
-61.604211787109335 -5.58342603630983
-63.665355737707976 -4.619229767476512
-65.72649968830662 -6.084905320228999
-67.78764363890525 -5.352596931236827
-69.8487875895039 -7.711871958539592
-71.90993154010253 -8.708622131596506
-73.97107549070117 -8.231444029456638
-76.03221944129983 -8.252364912430426
-78.09336339189846 -10.10533048952469
-80.15450734249711 -8.744421254816814
-82.21565129309575 -8.389430740084222
-84.2767952436944 -8.293679958345823
-86.33793919429303 -9.096791333099496
-88.39908314489166 -8.780163566743129
-90.46022709549031 -9.318564095087153
-92.52137104608894 -7.729368021495194
-94.58251499668759 -8.00894549358611
-96.64365894728623 -8.853312778106158
-98.70480289788487 -10.081038887815826
-100.7659468484835 -8.111281297707748
-102.82709079908214 -7.643814357836118
-104.88823474968078 -8.670461715198126
-106.94937870027941 -8.324596652839826
-109.01052265087806 -7.887982774269366
-111.0716666014767 -8.027300705598394
-113.13281055207534 -8.859227801145764
-115.19395450267398 -7.258124969794556
-117.25509845327264 -8.325168863544542
-119.31624240387127 -10.082645653432747
-121.3773863544699 -8.877153575504186
-123.43853030506855 -7.6498221210442345
-125.49967425566719 -9.047268859931897
-127.56081820626584 -9.67652414364561
-129.62196215686447 -10.127205020838577
-131.6831061074631 -8.67850254929931
-133.74425005806177 -9.218235992335071
-135.80539400866041 -7.581065612277051
-137.86653795925903 -7.995024856064978
-139.92768190985768 -7.420195107191788
-141.9888258604563 -8.109772704781092
-144.04996981105498 -7.432725983999987
-146.1111137616536 -7.752049169198544
-148.17225771225225 -9.125845897283144
-150.23340166285087 -7.656696232825101
-152.29454561344951 -7.989182630524037
-154.35568956404816 -7.930280881876927
-156.4168335146468 -7.050945555564033
-158.47797746524543 -7.350036213091832
-160.53912141584408 -8.296300524586762
-162.6002653664427 -8.053644445295353
-164.66140931704138 -8.16390409591271
-166.72255326764 -8.171622157215358
-168.78369721823864 -7.715397665897591
-170.84484116883726 -7.846457994632289
-172.90598511943594 -8.241047435392618
-174.9671290700346 -9.200444042035606
-177.0282730206332 -8.806301332855158
-179.08941697123186 -6.931444148908551
-181.15056092183048 -8.48782278427385
-183.21170487242915 -5.825577033772232
-185.27284882302777 -7.427494378404747
-187.33399277362642 -9.007952333811748
-189.39513672422504 -7.774178273351295
-191.4562806748237 -9.366046061552494
-193.51742462542234 -9.10848262628602
-195.57856857602098 -8.616671724493004
-197.6397125266196 -8.075105817209511
-199.70085647721825 -8.559151254660712
-201.7620004278169 -5.516607872435051
-203.82314437841555 -8.668768030935423
-205.88428832901417 -7.951848029242012
-207.94543227961282 -6.162634529197851
-210.00657623021144 -8.337196797595402
-212.0677201808101 -7.861807712650516
-214.12886413140876 -9.020758630137454
-216.19000808200738 -7.179061529151137
-218.25115203260603 -7.775420548827041
-220.31229598320465 -8.87395496131542
-222.37343993380333 -9.3420709203152
-224.43458388440195 -7.390698068642132
-226.4957278350006 -6.304802960347593
-228.5568717855992 -8.915894171613473
-230.6180157361979 -8.062255543771505
-232.6791596867965 -7.29421792893041
-234.74030363739516 -6.915924130153134
-236.80144758799378 -6.256429961599511
-238.86259153859243 -7.6545430173363
-240.92373548919107 -7.400990804428794
-242.98487943978972 -6.616684947810429
-245.04602339038834 -6.681893259637739
-247.107167340987 -6.989730391940796
-249.1683112915856 -7.501367736143738
-251.2294552421843 -6.876678363708758
-253.29059919278293 -7.7346155130672845
-255.35174314338155 -6.848162117925391
-257.4128870939802 -6.574806716830236
-259.47403104457885 -6.139324138102087
-261.5351749951775 -5.063009052044726
-263.5963189457761 -4.8195449261231476
-265.65746289637474 -4.705981772582517
