# BEGINHEADER
# This file contains data from the SALSA 2m radio telescope.
# DATE=2023-11-14T15:17:0039
# GLON and GLAT given in degrees
# GLON=84.81984990567042
# GLAT=0.02218555491442423
# DATA in two columns below. Col. 1 is velocity relative to LSR [km/s]. Col. 2 is uncalibrated antenna temperature [K].
# ENDHEADER
265.90371844456195 -1.7177116797278373
263.84257449396335 -3.187794247119298
261.78143054336465 -3.0081882464166223
259.72028659276606 -4.218022785033514
257.6591426421674 -3.7658335274775285
255.59799869156876 -2.458069225040576
253.53685474097014 -3.4340615976258873
251.47571079037147 -2.122778480984004
249.41456683977285 -2.3432426157653303
247.3534228891742 -2.8565485345052033
245.29227893857558 -1.3969191739552171
243.2311349879769 -3.3211707503754906
241.16999103737828 -1.045108186724333
239.10884708677963 -1.4961671712019937
237.04770313618098 -0.7368791235723217
234.98655918558237 -3.3919051323285814
232.9254152349837 -4.220180125530303
230.86427128438507 -4.1869184952170535
228.80312733378642 -2.6400700131957238
226.7419833831878 -3.1555175523500525
224.68083943258915 -1.0169057776290298
222.6196954819905 -2.475837489814462
220.55855153139186 -4.037420510940356
218.49740758079324 -2.2781891423173173
216.4362636301946 -2.657946420889053
214.37511967959594 -3.162964829449204
212.3139757289973 -3.586416304257476
210.25283177839867 -1.5037419177541125
208.19168782780002 -3.986068840322235
206.1305438772014 -4.141383501915991
204.06939992660273 -3.4874667866378863
202.00825597600408 -1.235703826813553
199.94711202540546 -2.246339881977806
197.88596807480678 -1.9759672516679523
195.82482412420816 -3.752102807288891
193.76368017360952 -3.9280426515486173
191.70253622301087 -3.48055482900357
189.64139227241222 -2.153460648270738
187.5802483218136 -4.298474159606969
185.51910437121495 -5.482516784243312
183.45796042061633 -3.030261501026271
181.39681647001765 -2.9969298482241897
179.33567251941903 -5.0077203166915885
177.2745285688204 -2.1287101377624484
175.21338461822177 -3.8317654304932276
173.1522406676231 -2.635685705094267
171.09109671702447 -4.037464039624331
169.02995276642582 -4.3577262768435645
166.9688088158272 -2.518192601206892
164.90766486522855 -3.7643223277000124
162.84652091462988 -4.984812767558144
160.78537696403126 -4.696792131963064
158.7242330134326 -5.64990039098284
156.663089062834 -3.412064838391011
154.60194511223534 -3.9965012493910064
152.5408011616367 -5.181813323128003
150.47965721103805 -4.237462793789436
148.41851326043943 -4.294266685950479
146.35736930984078 -5.328594092446864
144.29622535924213 -3.311314996739893
142.23508140864348 -4.758861225476145
140.17393745804486 -4.555572949311223
138.1127935074462 -5.911638071216005
136.0516495568476 -4.638959660529409
133.99050560624892 -4.307236933706798
131.9293616556503 -4.98332624599867
129.86821770505165 -5.09176181133956
127.80707375445301 -4.964235782735539
125.74592980385437 -5.091905135901609
123.68478585325573 -5.049558907753585
121.62364190265708 -5.529053427865353
119.56249795205845 -5.436736401471165
117.5013540014598 -6.053120438117092
115.44021005086117 -4.648311983638393
113.37906610026253 -4.901335007158984
111.31792214966389 -4.271152262973547
109.25677819906525 -5.4052903294521455
107.1956342484666 -6.51182133695386
105.13449029786796 -6.907574368738342
103.07334634726931 -5.089628876545287
101.01220239667067 -5.333925620886633
98.95105844607204 -5.642720175425346
96.88991449547339 -6.268071472160501
94.82877054487476 -6.25390360447765
92.76762659427611 -5.893513773150671
90.70648264367748 -8.091750747876912
88.64533869307883 -7.028739726586045
86.5841947424802 -4.692303686002566
84.52305079188156 -6.686558039516729
82.46190684128291 -5.394099302684869
80.40076289068428 -7.3748846341530045
78.33961894008563 -5.699575450438766
76.278474989487 -6.487398065853719
74.21733103888835 -7.564688018782402
72.15618708828971 -6.538448333143364
70.09504313769108 -7.445261148704814
68.03389918709243 -7.855388065009935
65.97275523649378 -8.424527701232606
63.91161128589515 -7.298363853084678
61.85046733529651 -7.771782372385731
59.789323384697866 -5.753426695969615
57.72817943409922 -7.508162056615749
55.66703548350058 -7.205819264489529
53.605891532901936 -7.132933505925845
51.5447475823033 -7.669921068242059
49.48360363170466 -5.86477402334511
47.42245968110602 -6.656529472327874
45.36131573050738 -6.8697412230673525
43.30017177990874 -6.827134505648091
41.239027829310096 -8.116938539752459
39.177883878711455 -6.329272889611542
37.116739928112814 -5.464895438730135
35.05559597751417 -5.434544749008702
32.99445202691553 -5.68047334639633
30.93330807631689 -5.564355092798314
28.87216412571825 -6.345114697035944
26.811020175119612 -3.4472124841988947
24.749876224520975 -1.9507482287323326
22.68873227392233 -1.0146516995449748
20.62758832332369 4.051570290148688
18.56644437272505 7.552999911944987
16.50530042212641 16.467256917390145
14.44415647152777 24.731066762251277
12.383012520929128 35.60683685155408
10.321868570330487 49.65699261694944
8.260724619731846 63.552565928825025
6.199580669133206 74.76592979474889
4.138436718534564 79.39018579820487
2.0772927679359237 77.60507457216454
0.016148817337282757 88.64687619942646
-2.044995133261358 91.96291384196519
-4.10613908386 91.64640023973345
-6.16728303445864 91.57335606504716
-8.22842698505728 90.92562978544676
-10.28957093565592 90.74954661674873
-12.350714886254561 83.77988214519863
-14.411858836853202 73.96549531410292
-16.473002787451843 62.87059375244111
-18.534146738050485 51.725900904634884
-20.595290688649126 43.86360050542137
-22.656434639247763 38.21117749422568
-24.717578589846408 30.875531098106038
-26.77872254044505 26.59854660515557
-28.83986649104369 24.88249080812455
-30.90101044164233 24.849582875647968
-32.96215439224097 27.098547691380112
-35.02329834283961 31.222351549596006
-37.08444229343825 35.200856773489576
-39.1455862440369 40.78331064328157
-41.20673019463554 43.81123136349595
-43.26787414523418 44.98288496817526
-45.329018095832815 45.70556529259038
-47.390162046431456 42.07470998650211
-49.4513059970301 39.05953308977697
-51.51244994762874 36.39596832791481
-53.57359389822738 33.91090381294058
-55.63473784882602 29.221637300783097
-57.69588179942466 26.135749798983493
-59.7570257500233 23.362567647546662
-61.818169700621944 22.959658539348883
-63.879313651220585 24.444703320768163
-65.94045760181922 28.003938155306344
-68.00160155241787 32.62648598017368
-70.0627455030165 38.33252550144752
-72.12388945361515 40.83625302422289
-74.18503340421378 44.05825882491682
-76.24617735481243 47.19005940483962
-78.30732130541107 47.59114919625095
-80.3684652560097 44.803641130876386
-82.42960920660835 43.208222736062645
-84.49075315720698 38.56177325648457
-86.55189710780563 33.2185737265554
-88.61304105840428 29.75939128721552
-90.67418500900293 27.180377493666665
-92.73532895960156 22.592856645637085
-94.7964729102002 19.782533495659223
-96.85761686079884 15.565572075985457
-98.91876081139748 12.668508934753772
-100.97990476199612 8.771972612552247
-103.04104871259476 6.231929073871094
-105.1021926631934 4.521784869050118
-107.16333661379204 3.988499253380912
-109.22448056439067 2.4554037770235517
-111.28562451498932 1.9180531783335593
-113.34676846558796 0.32801354522609655
-115.4079124161866 -1.1002151518246965
-117.46905636678524 -2.127544579074268
-119.53020031738389 -2.7478456073337365
-121.59134426798252 -4.534394162891748
-123.65248821858115 -3.082108411248051
-125.7136321691798 -3.6209156980426167
-127.77477611977845 -5.323459608639283
-129.83592007037709 -4.860532923650695
-131.89706402097573 -4.313653637825912
-133.95820797157435 -4.135607868063082
-136.019351922173 -6.322306206630882
-138.08049587277165 -4.94273587923011
-140.1416398233703 -5.026436673516917
-142.20278377396892 -4.110929662629349
-144.26392772456757 -6.353878208661024
-146.32507167516624 -6.555402703418764
-148.38621562576486 -5.263693741900758
-150.4473595763635 -5.70101017463049
-152.50850352696213 -5.928871554482833
-154.56964747756078 -3.9527606559551725
-156.63079142815943 -5.564930183183816
-158.69193537875807 -6.182115139589799
-160.7530793293567 -5.676812417449667
-162.81422327995534 -5.654317783185605
-164.87536723055396 -6.914408725375868
-166.93651118115264 -7.377233570101216
-168.99765513175126 -6.599507361789184
-171.0587990823499 -6.355557698508146
-173.11994303294853 -6.343471268313035
-175.1810869835472 -6.216199902091674
-177.24223093414582 -5.9344850372856675
-179.30337488474447 -4.830104492071895
-181.3645188353431 -6.373207720564995
-183.42566278594174 -6.2262263192889
-185.48680673654042 -6.394981954151909
-187.54795068713904 -5.69807967643398
-189.60909463773768 -6.570466558575828
-191.6702385883363 -5.433504805565401
-193.73138253893495 -5.409783009344721
-195.7925264895336 -7.505682203833782
-197.85367044013225 -4.320739397433659
-199.91481439073084 -7.073036389776209
-201.97595834132952 -4.533332805584248
-204.03710229192814 -4.871492347321193
-206.09824624252678 -6.49959253311321
-208.1593901931254 -6.526954419701372
-210.22053414372405 -5.4093902113882875
-212.2816780943227 -5.684638683462354
-214.34282204492135 -5.635869982778749
-216.40396599551997 -5.753470872895987
-218.46510994611862 -5.080460918065732
-220.52625389671724 -6.514828132675847
-222.5873978473159 -5.75031143690549
-224.64854179791456 -4.133044455317082
-226.70968574851318 -5.484265015118855
-228.77082969911183 -6.071780713743677
-230.83197364971045 -5.152517833881214
-232.89311760030913 -5.7657060759354675
-234.95426155090775 -6.350544134885254
-237.0154055015064 -5.434518515048071
-239.076549452105 -5.140980699707467
-241.1376934027037 -6.373476222718893
-243.1988373533023 -5.0909566504977555
-245.25998130390096 -6.58794739353164
-247.32112525449958 -5.061466993323742
-249.38226920509823 -5.213050940596234
-251.44341315569687 -5.227008175327062
-253.50455710629552 -4.1629099592819925
-255.56570105689414 -6.632760677804275
-257.62684500749276 -5.184295149338658
-259.6879889580914 -1.8923478596189531
