# BEGINHEADER
# This file contains data from the SALSA 2m radio telescope.
# DATE=2023-11-14T14:54:0046
# GLON and GLAT given in degrees
# GLON=39.85409911014579
# GLAT=0.2297347913479632
# DATA in two columns below. Col. 1 is velocity relative to LSR [km/s]. Col. 2 is uncalibrated antenna temperature [K].
# ENDHEADER
260.79235220505564 -3.1643072935347076
258.731208254457 -5.319381173304124
256.67006430385834 -4.973740637514554
254.6089203532597 -3.303123098196961
252.54777640266107 -4.541000464843335
250.48663245206242 -4.034495983083021
248.42548850146375 -1.422123634812877
246.36434455086513 -3.926910165909521
244.30320060026648 -3.803276382433059
242.24205664966786 -1.786459273199926
240.18091269906918 0.5995074690363001
238.11976874847056 -2.570988189944455
236.05862479787191 -3.1404304207433316
233.9974808472733 -2.9454920880063358
231.93633689667465 -1.433073514278101
229.875192946076 -1.090028951661543
227.81404899547735 -1.164354999867186
225.75290504487873 -3.252456731719096
223.69176109428008 -1.4450763683877057
221.63061714368146 -1.141902496913338
219.56947319308279 -3.697027011888291
217.50832924248417 -2.803430417575973
215.44718529188552 -3.627043176204478
213.3860413412869 -1.721743973019918
211.32489739068825 -2.0145893192417734
209.26375344008957 -3.5132092165351985
207.20260948949095 -1.827247092650317
205.1414655388923 -3.0353818500998755
203.08032158829369 -4.417987666129414
201.019177637695 -4.421058001547289
198.9580336870964 -2.0695917478027948
196.89688973649774 -2.537786393774709
194.83574578589912 -3.234483450748655
192.77460183530047 -3.7111876914911894
190.71345788470182 -4.5395548031256805
188.65231393410318 -3.4108706645997184
186.59116998350456 -5.15389996427786
184.5300260329059 -2.9510582528318787
182.4688820823073 -2.067695155759261
180.4077381317086 -3.2973393028519933
178.34659418111 -4.537745276814746
176.28545023051134 -3.4015518793677386
174.22430627991272 -0.7228932760000742
172.16316232931405 -4.517071604434728
170.1020183787154 -4.603772106567664
168.04087442811678 -4.842666440917978
165.97973047751813 -3.1352432958265357
163.9185865269195 -2.7624168958671222
161.85744257632084 -4.398729488699426
159.79629862572222 -3.2082166929362566
157.73515467512357 -4.274559167679758
155.67401072452495 -3.168675132727385
153.6128667739263 -3.31485538124477
151.55172282332765 -5.1322201067670825
149.490578872729 -4.6722063893533585
147.42943492213038 -4.7428900122159385
145.36829097153174 -4.546459338785334
143.3071470209331 -3.758877671620311
141.24600307033444 -4.836057062894017
139.18485911973582 -4.887293974065195
137.12371516913717 -6.05543318958032
135.06257121853855 -4.83134416629477
133.00142726793987 -5.965588884452964
130.94028331734123 -4.02321351043142
128.8791393667426 -5.528936869597529
126.81799541614397 -4.796506973919465
124.75685146554532 -5.042674020093671
122.69570751494669 -5.677809287740063
120.63456356434804 -4.720757630266638
118.57341961374941 -6.669532756316926
116.51227566315076 -6.613181363051206
114.45113171255211 -5.602340353770093
112.38998776195348 -5.860649434562555
110.32884381135483 -5.433639910484739
108.2676998607562 -4.859719642825077
106.20655591015755 -4.8460786975466705
104.14541195955891 -5.191408814657908
102.08426800896027 -4.936747018218567
100.02312405836163 -4.500837750042147
97.961980107763 -3.8841639571793474
95.90083615716436 -3.5850323530740114
93.83969220656573 -3.7639830029342116
91.77854825596708 -1.4616839499696184
89.71740430536845 0.6434358018090837
87.6562603547698 2.8957713811573154
85.59511640417116 5.74251804577588
83.53397245357252 7.876435105679456
81.47282850297388 13.716340129973899
79.41168455237525 17.44636022155261
77.3505406017766 21.086392919869255
75.28939665117797 25.030438065637078
73.2282527005793 31.069556705292403
71.16710874998067 34.81162874447397
69.10596479938202 42.01945380851951
67.04482084878339 45.789181257362664
64.98367689818475 51.039089538153114
62.922532947586106 55.03477830722
60.861388996987465 57.056806919325005
58.80024504638883 59.58468741096307
56.73910109579019 59.151897062057934
54.67795714519155 55.70645447719748
52.61681319459291 52.74663769123355
50.55566924399427 52.27850436940106
48.494525293395625 51.74032051569445
46.433381342796984 50.42900692470095
44.372237392198336 52.17382298743309
42.311093441599695 57.482770721846066
40.249949491001054 61.74846758147686
38.18880554040241 66.69539883292208
36.12766158980377 71.07646184822485
34.06651763920514 72.82020090526454
32.0053736886065 75.39080583896143
29.944229738007852 73.8012699568011
27.88308578740921 68.58764023821301
25.82194183681057 65.62754780335788
23.760797886211936 61.680697224408306
21.69965393561329 61.723176589907965
19.63850998501465 59.13509059470502
17.57736603441601 57.274206210454686
15.51622208381737 56.97246643168791
13.455078133218729 58.841143468078215
11.393934182620088 60.612527292740396
9.332790232021445 61.91587702953583
7.271646281422806 67.08496753718211
5.2105023308241645 69.69458157073069
3.149358380225524 65.26650256874696
1.0882144296268834 52.897690848593015
-0.9729295209717571 35.8164430677524
-3.034073471570398 17.81753270253095
-5.095217422169039 11.321314367448
-7.156361372767679 9.060855636522147
-9.21750532336632 5.824268038550912
-11.278649273964962 6.132702156117325
-13.3397932245636 5.317387842666137
-15.400937175162243 5.003216271242139
-17.462081125760886 7.661871885542215
-19.523225076359523 8.243486407090423
-21.584369026958164 7.2876242419085875
-23.645512977556805 9.800455314646474
-25.706656928155446 13.156314176706587
-27.76780087875409 16.858234114110108
-29.82894482935273 18.161688990615062
-31.89008877995137 21.306260679989407
-33.95123273055001 24.456198993172233
-36.01237668114865 24.8749502130127
-38.07352063174729 25.75091834410876
-40.134664582345934 24.195436748728607
-42.195808532944575 24.062190479153454
-44.256952483543216 21.68391345287466
-46.31809643414186 21.477745620503363
-48.37924038474049 21.810616071172028
-50.440384335339125 21.07829828690334
-52.50152828593777 22.598391428997207
-54.562672236536415 22.80559102616151
-56.623816187135056 21.759285880036682
-58.6849601377337 21.20690908766058
-60.74610408833234 19.805830038302776
-62.80724803893098 15.80543604457291
-64.86839198952961 10.815690161472423
-66.92953594012826 8.172723314594258
-68.9906798907269 2.0941598097533602
-71.05182384132553 -0.3371425781269388
-73.11296779192418 -1.3058594316496497
-75.17411174252281 -4.614493609195956
-77.23525569312146 -4.790603068145469
-79.2963996437201 -4.886258841782038
-81.35754359431876 -5.361058004112845
-83.41868754491739 -6.648007972344174
-85.47983149551602 -5.117269586118852
-87.54097544611467 -6.8786166987589
-89.6021193967133 -8.48059464147093
-91.66326334731195 -8.946552758922651
-93.72440729791059 -8.016561998078895
-95.78555124850924 -8.382600354898868
-97.84669519910787 -7.570868718051478
-99.90783914970652 -7.910541134194774
-101.96898310030517 -9.29451660302251
-104.0301270509038 -8.280682929316473
-106.09127100150243 -8.258201534188203
-108.15241495210108 -7.2058470033080555
-110.21355890269972 -8.388389795990305
-112.27470285329836 -8.733851879579422
-114.335846803897 -10.119262272588436
-116.39699075449565 -8.728606450133064
-118.4581347050943 -10.532997756367886
-120.51927865569293 -7.6898890631970165
-122.58042260629158 -8.032637231887334
-124.64156655689021 -7.985645897795597
-126.70271050748886 -8.206409738616088
-128.76385445808748 -8.755639837134064
-130.82499840868613 -8.562528062962196
-132.88614235928478 -8.300236571009192
-134.9472863098834 -7.845042303932665
-137.00843026048204 -8.750243964587083
-139.06957421108072 -8.437329857476772
-141.13071816167934 -8.499366830374754
-143.191862112278 -8.063959130289666
-145.2530060628766 -9.760286957734024
-147.31415001347526 -8.48783960371202
-149.3752939640739 -9.322012345214848
-151.43643791467255 -9.029215120253308
-153.49758186527117 -8.213619027718215
-155.55872581586982 -7.345637900206802
-157.61986976646847 -8.226664641228227
-159.68101371706712 -7.8735440556815
-161.74215766766574 -8.164753862827773
-163.80330161826438 -6.898447154453475
-165.864445568863 -7.174119666354098
-167.92558951946168 -7.386699828145572
-169.9867334700603 -6.141042609376222
-172.04787742065895 -10.15861758788182
-174.10902137125757 -8.667363500703408
-176.17016532185622 -7.440406478097638
-178.2313092724549 -6.217625781392709
-180.2924532230535 -6.504931275840048
-182.35359717365216 -7.858076354256125
-184.41474112425078 -6.806947453944234
-186.47588507484946 -7.109596273889454
-188.53702902544808 -7.83401925344511
-190.59817297604673 -7.493332373402553
-192.65931692664535 -7.954596940086288
-194.720460877244 -7.03555101572132
-196.78160482784264 -9.352503040681956
-198.8427487784413 -8.917969785778123
-200.9038927290399 -6.777764171082554
-202.96503667963856 -7.099279055041167
-205.02618063023718 -7.420931070623181
-207.08732458083585 -6.361957359306083
-209.14846853143447 -8.804871388104708
-211.20961248203312 -6.7093281558094615
-213.27075643263174 -6.163920022471874
-215.33190038323042 -7.7067521447888625
-217.39304433382907 -6.7005038575514995
-219.4541882844277 -7.119390700471972
-221.51533223502634 -5.509946389650472
-223.57647618562495 -6.2078861360178506
-225.63762013622363 -7.747432809243591
-227.69876408682225 -7.450511190213354
-229.7599080374209 -6.17079833113875
-231.82105198801952 -4.82955860830946
-233.88219593861817 -5.319264369445907
-235.94333988921682 -7.144129170530086
-238.00448383981546 -6.93659045615003
-240.06562779041408 -7.655957025517867
-242.12677174101273 -6.350462233048025
-244.18791569161135 -5.825856573664286
-246.24905964221003 -6.501021959885492
-248.31020359280865 -4.672303095762668
-250.3713475434073 -6.960501081357143
-252.43249149400592 -7.390180481058318
-254.4936354446046 -7.006051004277348
-256.55477939520324 -6.390512859673318
-258.6159233458019 -5.317874198695831
-260.6770672964005 -5.806393179227326
-262.7382112469992 -5.093097105467524
-264.7993551975978 -5.857494645994929
