# BEGINHEADER
# This file contains data from the SALSA 2m radio telescope.
# DATE=2023-11-14T14:41:0059
# GLON and GLAT given in degrees
# GLON=14.788476070742782
# GLAT=0.29970338459248536
# DATA in two columns below. Col. 1 is velocity relative to LSR [km/s]. Col. 2 is uncalibrated antenna temperature [K].
# ENDHEADER
258.8725744667361 -1.9997411183883915
256.8114305161375 -1.2559522197185602
254.75028656553886 -1.5121221728489245
252.6891426149402 -2.3212024583987443
250.62799866434156 -3.3313345295966927
248.5668547137429 -1.9426047915925286
246.5057107631443 -1.3103241444316618
244.44456681254565 -0.6542441954788394
242.38342286194703 -3.254102405235988
240.32227891134835 3.1994501866319096
238.26113496074973 13.114396395895657
236.19999101015108 -4.783597055316663
234.13884705955243 1.0263662073897182
232.0777031089538 -2.686904781640503
230.01655915835514 -1.431539872408897
227.95541520775652 -0.37792541924554257
225.89427125715787 -2.3892432009032682
223.83312730655925 -1.5915050687879693
221.77198335596057 -3.104501567219358
219.71083940536195 -0.9792387244211509
217.6496954547633 -2.981018479664974
215.58855150416468 -0.034750702241660957
213.52740755356604 -3.6999880306858164
211.4662636029674 5.413603015064426
209.40511965236874 8.575701792494808
207.34397570177012 -3.6580027439727556
205.28283175117147 -0.6850233814109794
203.22168780057285 -3.7695768324618504
201.16054384997418 -2.5040182475826467
199.09939989937556 -2.17187106221798
197.0382559487769 -2.3993470064832625
194.97711199817826 -2.53824405704076
192.91596804757964 -3.5502028421895613
190.85482409698096 -1.1558042252289882
188.79368014638234 -2.5313167623539057
186.7325361957837 -2.2928172390054025
184.67139224518507 -3.678770475730744
182.6102482945864 -0.07716150874018102
180.54910434398778 1.1368295627887854
178.48796039338913 -3.539040773436576
176.4268164427905 -3.057573934891799
174.36567249219186 -2.759137790352523
172.3045285415932 -3.72231269147591
170.24338459099457 -3.393371279091761
168.18224064039595 -1.9838240257531372
166.1210966897973 -1.524919611299244
164.05995273919868 -2.9422207283393456
161.9988087886 -2.30920794714008
159.93766483800138 -2.8647070549297613
157.87652088740273 -3.3881962705291198
155.81537693680409 -3.6136895113883507
153.75423298620544 -1.57301096385289
151.6930890356068 -0.16311472753432935
149.63194508500817 -3.413538790966351
147.57080113440952 -2.045136187773484
145.5096571838109 -1.0538525645898968
143.44851323321222 -0.007165526682388718
141.3873692826136 -0.26561184243219366
139.32622533201496 -0.22264303155505272
137.26508138141634 0.6013734847356718
135.2039374308177 0.006656637119811325
133.14279348021904 -0.9332916453402882
131.0816495296204 0.48050455523703245
129.02050557902177 1.5950764818538243
126.95936162842311 2.1567066157828116
124.89821767782448 1.5317677163660819
122.83707372722584 1.1336250046998873
120.7759297766272 2.962940334717631
118.71478582602856 3.0313468010164772
116.65364187542991 2.8872439758009527
114.59249792483128 3.2121101989710437
112.53135397423263 3.370680624477236
110.470210023634 1.3228897157828239
108.40906607303536 -0.1438207143874674
106.34792212243671 2.2487297542678326
104.28677817183808 1.5133384113388084
102.22563422123943 1.0265616046644277
100.16449027064078 0.7904105318174288
98.10334632004214 1.3611361261377084
96.04220236944349 0.7922027900811148
93.98105841884485 3.307352258072461
91.9199144682462 2.7757085972313718
89.85877051764757 3.306415724611983
87.79762656704894 3.0061356715197616
85.73648261645029 3.260067505473142
83.67533866585165 2.535805768900555
81.614194715253 3.8753403845143755
79.55305076465437 4.0545858715086185
77.49190681405572 5.754955739470541
75.43076286345709 4.930617819337372
73.36961891285846 7.1460929430408235
71.30847496225981 8.191929143894368
69.24733101166117 9.36738473101651
67.18618706106253 11.259117093999459
65.12504311046389 11.520133128405613
63.063899159865244 13.149920521991836
61.0027552092666 17.263267133220577
58.94161125866796 18.3742045302212
56.88046730806932 19.602680638365335
54.81932335747068 20.59736107343122
52.758179406872046 23.161468514998838
50.6970354562734 24.160471477598986
48.635891505674756 26.037376636410276
46.574747555076115 27.750761467103136
44.513603604477474 28.73883174555435
42.45245965387883 31.859298292101897
40.3913157032802 36.41937312874094
38.33017175268156 37.65775754876618
36.26902780208292 39.2472858965599
34.207883851484276 43.22956112025137
32.14673990088563 48.0559450593963
30.085595950286994 54.53535197871419
28.02445199968835 58.3182957900801
25.963308049089708 63.538108640556224
23.902164098491067 71.5443291037039
21.84102014789243 75.38680525268632
19.779876197293788 78.65386612307346
17.718732246695144 81.29071336881583
15.657588296096504 80.03433587921347
13.596444345497865 75.47962522399088
11.535300394899222 71.77758084672027
9.474156444300583 69.20352325252038
7.413012493701942 68.71742091235494
5.3518685431033015 65.34860603713621
3.2907245925046604 67.70033807747826
1.2295806419060202 66.97456389880236
-0.8315633086926205 58.61760466488166
-2.8927072592912615 45.2967424943257
-4.953851209889902 33.949515795689905
-7.014995160488543 29.938949431962538
-9.076139111087185 26.380634859929803
-11.137283061685824 27.739966301860107
-13.198427012284466 25.141516122435977
-15.259570962883107 24.749577230050875
-17.320714913481748 27.027799437911014
-19.381858864080385 27.84162044432982
-21.44300281467903 29.17673034280663
-23.50414676527767 26.16239396720235
-25.56529071587631 23.892488929240624
-27.62643466647495 22.0535681326335
-29.687578617073594 18.941142437960167
-31.74872256767223 14.852696445726346
-33.80986651827087 10.837997033953696
-35.871010468869514 6.2359799282552935
-37.932154419468155 5.031394931480828
-39.993298370066796 0.6483732314544777
-42.05444232066544 1.5820049992702072
-44.11558627126407 0.7843449803286368
-46.17673022186272 -2.400813237209364
-48.23787417246136 -4.960288218606962
-50.29901812306 -5.171542555803279
-52.36016207365864 -5.7990381509900795
-54.421306024257284 -6.113558350939857
-56.48244997485592 -6.486644582178359
-58.54359392545456 -7.0489332008822005
-60.6047378760532 -7.031763893995307
-62.66588182665184 -6.129745234907128
-64.72702577725049 -4.882641880052539
-66.78816972784912 -6.197448380907302
-68.84931367844777 -5.358076505896462
-70.9104576290464 -5.40607535527256
-72.97160157964505 -5.379158000610838
-75.03274553024369 -6.269985083683396
-77.09388948084232 -6.815188352126081
-79.15503343144097 -6.543961147722506
-81.2161773820396 -5.8752205438441045
-83.27732133263825 -7.270911785844829
-85.33846528323689 -6.071426532783121
-87.39960923383553 -5.431837212504777
-89.46075318443417 -6.560355578556957
-91.5218971350328 -6.1769540581183655
-93.58304108563146 -6.2454101509822015
-95.6441850362301 -6.676736113625826
-97.70532898682875 -6.952076041616364
-99.76647293742737 -5.1487305146654005
-101.82761688802601 -6.765450342581795
-103.88876083862465 -6.720411386371353
-105.9499047892233 -3.742777065170905
-108.01104873982193 -5.827183899685449
-110.07219269042058 -4.975550481816595
-112.13333664101921 -5.760079446864314
-114.19448059161785 -6.439755865901433
-116.2556245422165 -5.08240273199388
-118.31676849281513 -5.887312337079026
-120.37791244341378 -6.1267623964416424
-122.43905639401241 -5.290644496253685
-124.50020034461106 -5.208216286372822
-126.5613442952097 -5.648761071983915
-128.62248824580834 -4.473359227731184
-130.683632196407 -5.449429191591325
-132.7447761470056 -5.347037044257578
-134.80592009760426 -5.369635752068641
-136.8670640482029 -6.65808609317197
-138.92820799880155 -7.011682106348149
-140.98935194940017 -5.571591976776485
-143.05049589999882 -4.868586650834069
-145.11163985059744 -5.661399667427928
-147.17278380119612 -5.306088069181594
-149.23392775179474 -5.085670406116304
-151.2950717023934 -6.734237462831984
-153.35621565299203 -5.884662965883688
-155.41735960359065 -6.574558987544789
-157.47850355418933 -3.8510412218815633
-159.53964750478795 -4.509772925050148
-161.6007914553866 -5.761455318522495
-163.66193540598522 -5.161966331598775
-165.7230793565839 -4.91885447002319
-167.78422330718251 -5.953234862385252
-169.84536725778116 -5.773419421170144
-171.90651120837978 -4.929852873288013
-173.96765515897843 -5.38672581916469
-176.02879910957708 -3.6650712633065856
-178.08994306017573 -4.372959150374693
-180.15108701077435 -4.263992526828595
-182.212230961373 -5.702565307341413
-184.27337491197162 -4.688214683137213
-186.3345188625703 -4.212341650244494
-188.3956628131689 -4.3689886294957265
-190.45680676376756 -4.841137456120546
-192.5179507143662 -3.590046126270673
-194.57909466496483 -4.971925640686897
-196.6402386155635 -4.5169195138106
-198.70138256616212 -4.975746809790135
-200.76252651676077 -4.7030556818582
-202.8236704673594 -6.1824636425604975
-204.88481441795807 -5.007271067225398
-206.9459583685567 -5.074337917679523
-209.00710231915534 -4.3535610939837515
-211.06824626975396 -3.3844145781544794
-213.1293902203526 -4.394374120522671
-215.19053417095125 -3.6049924644085136
-217.2516781215499 -3.9849740640687386
-219.31282207214852 -4.4174988134735695
-221.37396602274717 -5.447175850931226
-223.4351099733458 -3.461425702334529
-225.49625392394447 -5.820231966050406
-227.55739787454308 -4.224790549888162
-229.61854182514173 -5.031969097877698
-231.67968577574038 -1.8890255583040056
-233.74082972633903 -4.264869783703337
-235.80197367693768 -3.860609514752732
-237.8631176275363 -5.514537459170423
-239.92426157813495 -5.183560716454298
-241.98540552873357 -6.009451816218522
-244.04654947933224 -3.139743774997557
-246.10769342993086 -4.067877902125822
-248.1688373805295 -5.850610270588905
-250.22998133112813 -3.775290644958135
-252.29112528172678 -6.663319554004545
-254.35226923232543 -4.397210432638152
-256.41341318292405 -3.194070158351184
-258.4745571335227 -2.0004335780574647
-260.53570108412134 3.3649343509362306
-262.59684503472 -3.357169032734624
-264.65798898531864 -1.9318215963334728
-266.71913293591723 -3.036314831278882
