# BEGINHEADER
# This file contains data from the SALSA 2m radio telescope.
# DATE=2023-11-14T15:20:0011
# GLON and GLAT given in degrees
# GLON=89.83513571918722
# GLAT=0.008590597879278145
# DATA in two columns below. Col. 1 is velocity relative to LSR [km/s]. Col. 2 is uncalibrated antenna temperature [K].
# ENDHEADER
266.5072150034994 -1.1946918370729616
264.4460710529008 -2.5433276764187833
262.3849271023021 -2.86867388031292
260.3237831517035 -2.061107454401938
258.26263920110483 -1.4522850236237268
256.2014952505062 -2.7899925376913757
254.14035129990756 -3.0107147911251606
252.07920734930892 -3.673861834326952
250.01806339871024 -3.4188672777175086
247.95691944811162 -1.7624202152343298
245.89577549751297 -2.0651305860272715
243.83463154691435 -1.6423454318131645
241.7734875963157 -0.9675356985601118
239.71234364571706 -1.9194860067757777
237.6511996951184 -2.528594082041793
235.5900557445198 -2.835726253679431
233.52891179392114 -1.7509909153760161
231.4677678433225 -2.6698704131852327
229.40662389272384 -3.4765246769843414
227.34547994212522 -1.3269147439947646
225.28433599152658 -1.0934418115258595
223.22319204092796 -2.2730729821993942
221.16204809032928 -1.0434759196401173
219.10090413973066 -1.6584218076293868
217.039760189132 -1.6140811637064783
214.9786162385334 -2.8677762772053743
212.91747228793474 -2.355365379366078
210.85632833733607 -3.882947940906681
208.79518438673745 -4.25771773842936
206.7340404361388 -2.0096436086698186
204.67289648554018 -2.897046232444512
202.6117525349415 -1.4355116836388568
200.55060858434288 -2.6053753099872563
198.48946463374423 -2.9256462655073276
196.42832068314559 -0.862001960071356
194.36717673254694 -3.8808539861929856
192.30603278194832 -2.001861307712841
190.24488883134964 -3.136237945985867
188.18374488075102 -1.8739846432778544
186.12260093015237 -2.3837557086129415
184.06145697955375 -2.7409278920219156
182.0003130289551 -2.1791181262527513
179.93916907835646 -2.3390383604283103
177.8780251277578 -3.991219826979136
175.8168811771592 -4.520747725834367
173.75573722656054 -3.945091145288298
171.6945932759619 -2.812150619740256
169.63344932536324 -4.453667727394564
167.5723053747646 -3.0052212226166057
165.51116142416598 -3.188680060871336
163.45001747356733 -2.821058158068545
161.38887352296868 -2.788811029533664
159.32772957237003 -3.0251253440779813
157.2665856217714 -2.3816201728686
155.20544167117276 -1.5663005887099688
153.14429772057414 -2.359125791629442
151.08315376997547 -5.618021220109269
149.02200981937685 -4.088217709360766
146.9608658687782 -4.69409343636612
144.89972191817958 -5.929270272718663
142.83857796758093 -3.5867102787590253
140.77743401698228 -3.48295238852722
138.71629006638364 -2.3947114711339745
136.65514611578502 -5.661824274864613
134.59400216518637 -3.948540911568737
132.5328582145877 -4.032087800793886
130.47171426398907 -3.3695367233525935
128.41057031339042 -3.9140493452905267
126.3494263627918 -2.7588559555935133
124.28828241219315 -3.770693527239179
122.22713846159452 -3.8480785098468484
120.16599451099587 -4.188147663417221
118.10485056039724 -5.279092558051244
116.0437066097986 -4.236364639884746
113.98256265919994 -5.015110074823784
111.92141870860131 -5.735697668512981
109.86027475800266 -5.0163335262027635
107.79913080740403 -5.011247781846987
105.73798685680538 -5.3823603734675425
103.67684290620674 -5.262028591222454
101.61569895560811 -5.739192256031709
99.55455500500946 -3.978667628642714
97.49341105441083 -5.237624530329519
95.43226710381218 -4.464290178803906
93.37112315321355 -5.752073144304257
91.3099792026149 -5.59406573602187
89.24883525201626 -4.045064326183773
87.18769130141763 -4.631847103944535
85.12654735081898 -3.9422191812486997
83.06540340022035 -5.314480144702626
81.0042594496217 -5.4825592189173635
78.94311549902307 -6.395883970583093
76.88197154842442 -5.538044645966499
74.82082759782577 -4.390357499853123
72.75968364722713 -5.837734476001393
70.69853969662849 -2.8077415572041993
68.63739574602985 -6.6606061690531035
66.5762517954312 -6.085481146981085
64.51510784483257 -6.583055345259593
62.45396389423393 -6.270319531464844
60.39281994363529 -6.42161710832494
58.33167599303665 -5.972334055491865
56.27053204243801 -5.969174817361856
54.20938809183937 -5.04756949648042
52.14824414124073 -4.584622093870215
50.08710019064209 -6.513965252955613
48.025956240043456 -5.578813883532838
45.96481228944481 -6.682488364930654
43.90366833884617 -6.496516645085801
41.842524388247526 -7.134924187351863
39.781380437648885 -5.091966456397072
37.72023648705025 -6.056526190864754
35.65909253645161 -5.8287447561454995
33.59794858585297 -6.103914228958218
31.536804635254324 -6.240270511747539
29.475660684655683 -6.1000194668329755
27.414516734057045 -3.4461075754443664
25.353372783458404 -3.2070854739195602
23.29222883285976 -5.062411178151313
21.231084882261122 -2.750477100468014
19.16994093166248 0.3487451757203367
17.10879698106384 3.039729497513668
15.047653030465199 4.245381695396014
12.98650907986656 11.540437166896696
10.925365129267917 23.81063672155058
8.864221178669277 37.68485555994027
6.803077228070636 55.307104596634254
4.741933277471995 69.26599372150795
2.680789326873354 73.24398545543461
0.6196453762747134 85.05598877578221
-1.4414985743239275 85.09783462389458
-3.5026425249225683 83.02736206479166
-5.5637864755212085 78.55488535833356
-7.62493042611985 82.4103077887966
-9.68607437671849 82.84848428675232
-11.74721832731713 80.26129161831741
-13.808362277915773 77.88841619870139
-15.869506228514412 71.62174565374488
-17.930650179113055 64.011858374906
-19.991794129711693 54.205005271939775
-22.052938080310334 45.771821739466034
-24.114082030908975 39.76054043678053
-26.17522598150762 33.904096074816735
-28.236369932106257 29.127689744321064
-30.297513882704898 27.571906431656107
-32.35865783330354 27.90111376708414
-34.41980178390218 30.797739991849863
-36.48094573450082 33.770684416871816
-38.54208968509946 35.43149230234664
-40.6032336356981 36.43971692847362
-42.664377586296744 40.81934286541757
-44.72552153689538 39.26802670222315
-46.78666548749402 40.569206743654966
-48.84780943809267 43.64142390641755
-50.908953388691316 41.62433713982339
-52.97009733928996 40.41488438640904
-55.03124128988859 40.370864751571276
-57.09238524048723 37.07655056407125
-59.15352919108587 36.23541442184802
-61.214673141684514 35.372875206659934
-63.275817092283155 35.06093829633598
-65.3369610428818 35.19683528485964
-67.39810499348043 38.51451542250471
-69.45924894407908 42.14850370621453
-71.52039289467771 45.115456767505755
-73.58153684527636 46.50211460265874
-75.642680795875 50.943434953252904
-77.70382474647363 49.256424650289304
-79.76496869707229 46.64094360569329
-81.82611264767093 46.40626491136384
-83.88725659826957 40.4470807245589
-85.94840054886821 36.19132016646285
-88.00954449946686 31.695337445511576
-90.07068845006549 29.099743433474927
-92.13183240066412 28.46806955086097
-94.19297635126277 27.375883217734664
-96.2541203018614 25.842610088139907
-98.31526425246005 23.3704527656727
-100.37640820305869 20.77941632526944
-102.43755215365734 15.827033457527046
-104.49869610425597 12.553965204342362
-106.5598400548546 9.12017048708859
-108.62098400545325 6.9365140932148375
-110.68212795605189 5.595753825774215
-112.74327190665053 4.379981095057862
-114.80441585724917 3.137267905042194
-116.86555980784782 0.9407229492071936
-118.92670375844646 -1.6030989688623938
-120.9878477090451 -1.003685943290548
-123.04899165964375 -2.715516098201437
-125.11013561024238 -3.541764323389426
-127.17127956084103 -5.333219636575975
-129.23242351143966 -5.347116694801444
-131.2935674620383 -3.962635051624682
-133.35471141263693 -4.400348440978497
-135.41585536323558 -5.450713395126257
-137.47699931383423 -4.088120423423531
-139.53814326443288 -5.498934743723774
-141.59928721503152 -4.573015760773776
-143.66043116563014 -5.28688303516645
-145.7215751162288 -5.670376169150985
-147.7827190668274 -5.405429606950984
-149.8438630174261 -5.711680033065303
-151.9050069680247 -5.5034079464045
-153.96615091862336 -5.1129996605805035
-156.02729486922198 -6.982059134087747
-158.08843881982062 -4.922257258932328
-160.14958277041927 -6.5485464555975605
-162.21072672101792 -6.91616675940657
-164.27187067161654 -5.389895238715036
-166.3330146222152 -5.173320145997685
-168.39415857281384 -5.347372601138956
-170.45530252341248 -7.262469244024133
-172.5164464740111 -6.847170849096635
-174.57759042460975 -5.790037355600834
-176.6387343752084 -4.013509046038071
-178.69987832580705 -6.999393789569533
-180.7610222764057 -4.01844059740665
-182.82216622700432 -6.257118301002119
-184.88331017760297 -6.135193100681422
-186.94445412820158 -4.652483647592886
-189.00559807880026 -5.219132783664187
-191.06674202939888 -5.478844166997631
-193.12788597999753 -4.979816954179986
-195.18902993059615 -4.713619806858725
-197.25017388119483 -6.688449112387323
-199.31131783179342 -6.38624305842366
-201.37246178239207 -4.670662103065817
-203.43360573299069 -5.161201992151556
-205.49474968358936 -6.011834015528518
-207.55589363418798 -4.634648582654879
-209.61703758478663 -3.0686094839560405
-211.67818153538525 -5.497246700437153
-213.7393254859839 -5.066705236717504
-215.80046943658257 -3.0445392748618745
-217.8616133871812 -6.092259782939939
-219.92275733777984 -5.2995092113407365
-221.98390128837846 -4.841543974576325
-224.04504523897714 -3.317489347008388
-226.10618918957576 -3.6806792889333844
-228.1673331401744 -6.003981198786156
-230.22847709077303 -4.120507810125698
-232.28962104137167 -4.512396710175038
-234.35076499197032 -5.903675577861054
-236.41190894256897 -4.457072549240675
-238.4730528931676 -3.843855237849746
-240.53419684376624 -4.685144572037021
-242.59534079436486 -5.428424929742205
-244.65648474496354 -5.744591647853461
-246.71762869556215 -4.677181755868644
-248.7787726461608 -3.600784652554145
-250.83991659675942 -3.0827480153898144
-252.9010605473581 -2.964217969141228
-254.96220449795675 -4.486514962893309
-257.0233484485554 -5.416781279404406
-259.084492399154 -3.6769255910214134
