# BEGINHEADER
# This file contains data from the SALSA 2m radio telescope.
# DATE=2023-11-14T15:12:0032
# GLON and GLAT given in degrees
# GLON=74.89071322960422
# GLAT=0.15413182071568052
# DATA in two columns below. Col. 1 is velocity relative to LSR [km/s]. Col. 2 is uncalibrated antenna temperature [K].
# ENDHEADER
264.74589253376644 -1.1519957349493837
262.68474858316785 -2.8449575591036136
260.6236046325692 -3.7249458736730787
258.56246068197055 -4.271843433740998
256.5013167313719 -2.0259782306277057
254.44017278077325 -2.533626575675552
252.37902883017463 -4.506351847884191
250.31788487957598 -2.889455833819946
248.25674092897737 -4.152661191936426
246.19559697837872 -2.0377443423801167
244.13445302778007 -0.3784698365760682
242.07330907718142 -3.3768030236249262
240.0121651265828 -1.9743522310217174
237.95102117598415 -4.029871535250712
235.8898772253855 -2.638486768206174
233.82873327478686 -2.807954469360704
231.7675893241882 -2.2052156343145115
229.7064453735896 -1.2207740132324427
227.64530142299094 -2.799318834973449
225.5841574723923 -2.2911820320107297
223.52301352179364 -2.188151290629696
221.46186957119502 -3.017014842620837
219.40072562059638 -3.467965926201884
217.33958166999776 -0.8442692475889492
215.27843771939908 -2.0501508889930906
213.21729376880046 -2.8990353118227548
211.1561498182018 -3.7217412814657407
209.0950058676032 -4.23069880881041
207.03386191700454 -2.3528635711849675
204.9727179664059 -3.9192005687212093
202.91157401580725 -1.754971174093302
200.85043006520863 -1.6661819622062297
198.78928611460998 -4.316193553741071
196.7281421640113 -2.5510442600842502
194.66699821341268 -3.5465371306683515
192.605854262814 -3.6808235046674995
190.5447103122154 -3.53993509869163
188.48356636161674 -3.1652243880241184
186.42242241101812 -3.8831820854431784
184.36127846041944 -5.0434892206292865
182.30013450982082 -3.021259853164088
180.23899055922217 -3.4375132091110405
178.17784660862355 -2.564492266952859
176.1167026580249 -3.285018053741903
174.05555870742626 -3.9738946079229747
171.9944147568276 -3.8894687525763225
169.933270806229 -4.961388572458862
167.87212685563034 -4.349242826370711
165.81098290503172 -5.482280395948804
163.74983895443305 -5.722128498711429
161.6886950038344 -6.174385267629132
159.62755105323578 -3.537480982644522
157.56640710263713 -4.234599178347954
155.50526315203848 -3.500810584967934
153.44411920143983 -3.233314905690599
151.3829752508412 -5.184427917785224
149.32183130024256 -5.25811859372143
147.26068734964394 -4.61016726898539
145.19954339904527 -6.105766704240596
143.13839944844665 -4.271961090673757
141.077255497848 -3.7442961075479695
139.01611154724938 -5.863919804144113
136.95496759665073 -5.952499036896395
134.89382364605208 -4.874947365762665
132.83267969545344 -5.143496561963312
130.77153574485482 -4.104751816198409
128.71039179425617 -5.524627822817613
126.64924784365752 -5.374108814475302
124.58810389305889 -5.710014281308606
122.52695994246024 -4.14201290438157
120.4658159918616 -5.193035476808113
118.40467204126296 -6.442359478344874
116.34352809066432 -7.192664748842439
114.28238414006567 -4.873200131960696
112.22124018946704 -6.48055149877481
110.1600962388684 -8.423752546855766
108.09895228826976 -5.746158639916526
106.03780833767112 -5.362757100679745
103.97666438707246 -6.372740694150429
101.91552043647383 -6.884718320387015
99.85437648587518 -6.716960710802869
97.79323253527654 -6.003639404194345
95.73208858467791 -5.320313236489393
93.67094463407926 -6.550024032753096
91.60980068348063 -6.684617684284956
89.54865673288198 -5.968270859544156
87.48751278228335 -6.524218159133264
85.4263688316847 -6.796661937503778
83.36522488108606 -6.035433242203
81.30408093048743 -6.16598845595294
79.24293697988878 -6.776991239537041
77.18179302929015 -6.5404597678858565
75.1206490786915 -5.175902715068224
73.05950512809287 -7.398106245400353
70.99836117749423 -6.9693567046618785
68.93721722689558 -8.058320818605432
66.87607327629695 -6.619859781680587
64.81492932569829 -7.322022494862449
62.75378537509966 -8.465261097009586
60.69264142450102 -7.841438468718467
58.63149747390238 -6.646781632884934
56.57035352330374 -5.9982800096322615
54.50920957270509 -7.345553119836071
52.44806562210645 -5.371587647487797
50.38692167150781 -6.998619122509849
48.32577772090917 -7.558851793976896
46.26463377031053 -6.012970287813561
44.20348981971189 -6.049814110878461
42.14234586911325 -6.504261628533642
40.08120191851461 -7.531396931465288
38.02005796791597 -7.076945747036039
35.95891401731733 -5.5033962014048665
33.897770066718685 -3.496177940136058
31.836626116120048 -4.129178013632495
29.775482165521403 -2.3235535330326034
27.714338214922762 -0.7163686802977786
25.653194264324124 1.4968234885597487
23.592050313725483 6.651199581893963
21.53090636312684 12.342942339360343
19.469762412528198 20.444129190605267
17.40861846192956 31.581563957500496
15.347474511330919 45.99775470169282
13.286330560732278 63.59652297032924
11.225186610133637 84.55713850267014
9.164042659534996 99.82266492014531
7.1028987089363556 111.95799517944646
5.041754758337715 117.36041641993728
2.9806108077390747 117.13573413912414
0.919466857140434 107.1444744039872
-1.1416770934582068 114.10530285816401
-3.2028210440568476 109.88530009356116
-5.263964994655488 101.98027040344387
-7.32510894525413 90.0558221059591
-9.38625289585277 79.11379503270146
-11.447396846451412 65.22706142850289
-13.508540797050053 54.13209975520291
-15.569684747648694 46.70834840570506
-17.630828698247335 42.324331401483136
-19.691972648845976 38.465916047990355
-21.753116599444617 38.43617094125042
-23.814260550043254 34.75650054790105
-25.875404500641896 34.1479088131111
-27.93654845124054 35.408562073479
-29.997692401839178 33.56620484661791
-32.05883635243782 31.464124729759707
-34.119980303036456 28.57570503798424
-36.1811242536351 28.152733734204002
-38.24226820423374 26.201462130393097
-40.30341215483238 26.43142537283352
-42.36455610543103 24.654253492003228
-44.42570005602967 22.208118164564738
-46.4868440066283 21.584035863599407
-48.547987957226944 19.207351947296203
-50.609131907825585 19.325211024550097
-52.670275858424226 17.89557565719884
-54.73141980902287 19.543518749348596
-56.79256375962151 21.60367507753209
-58.85370771022015 25.772387865791295
-60.91485166081878 29.14288701801122
-62.97599561141743 29.77281711176952
-65.03713956201607 32.870085322713216
-67.09828351261471 36.83410786441273
-69.15942746321335 38.260583840498924
-71.220571413812 40.197378550045755
-73.28171536441063 43.03229675630862
-75.34285931500928 43.17810921528247
-77.40400326560791 43.383237815239994
-79.46514721620656 40.145870737350535
-81.5262911668052 34.94005077043083
-83.58743511740383 28.304902329854166
-85.64857906800248 23.3277021267014
-87.70972301860111 18.752194981680624
-89.77086696919977 14.391219417789038
-91.8320109197984 9.85127143123445
-93.89315487039705 6.703099124227144
-95.95429882099569 3.7803928220238325
-98.01544277159432 0.3241951408328776
-100.07658672219297 1.3018691335878103
-102.1377306727916 -0.8930214565797432
-104.19887462339025 -0.9075859016196842
-106.26001857398889 0.11947964789323323
-108.32116252458754 -1.9306653872152943
-110.38230647518617 -1.1743743978105932
-112.4434504257848 -0.8150796572682676
-114.50459437638345 -4.377738354691293
-116.56573832698209 -3.4362929751195583
-118.62688227758073 -3.511030798996982
-120.68802622817937 -2.8363701469576577
-122.749170178778 -4.590833543460951
-124.81031412937665 -3.7749004472005945
-126.87145807997528 -5.124884791104748
-128.93260203057395 -6.028271630743682
-130.99374598117257 -5.826684189041366
-133.0548899317712 -6.204723845636777
-135.11603388236986 -5.197196224396186
-137.1771778329685 -6.532233260971371
-139.23832178356713 -7.57542836163928
-141.29946573416578 -5.866839839199936
-143.3606096847644 -6.6352374506559535
-145.42175363536307 -7.270678709036613
-147.48289758596172 -7.010373662534625
-149.54404153656034 -6.880057451713088
-151.605185487159 -6.9405169767512
-153.6663294377576 -6.165589010518545
-155.7274733883563 -6.198353200852415
-157.7886173389549 -6.3452008319925275
-159.84976128955356 -5.61762377257218
-161.91090524015218 -4.747443529634772
-163.97204919075085 -5.138356785881052
-166.03319314134947 -5.391416352181445
-168.09433709194812 -5.79834622065831
-170.15548104254674 -7.06113288748965
-172.2166249931454 -6.464438114629331
-174.27776894374404 -5.400406495594119
-176.33891289434268 -5.76213502988239
-178.4000568449413 -5.781354217953213
-180.46120079553995 -4.608438624424795
-182.52234474613857 -6.047794064783813
-184.58348869673725 -3.8037672641470275
-186.6446326473359 -6.269165023574382
-188.70577659793452 -6.250852012995073
-190.76692054853316 -5.004881641560026
-192.82806449913178 -6.740918069570102
-194.88920844973046 -6.08794886978066
-196.95035240032908 -5.910968565309326
-199.0114963509277 -6.265922516286523
-201.07264030152635 -5.736553672339922
-203.133784252125 -5.3803646069958475
-205.19492820272362 -5.363701790845149
-207.25607215332226 -4.565344596152648
-209.31721610392088 -4.95473853438377
-211.37836005451956 -3.6193409369529967
-213.43950400511818 -5.879712955989623
-215.50064795571683 -6.080425200486552
-217.56179190631545 -4.580107359523943
-219.6229358569141 -4.733934377615915
-221.68407980751275 -5.953499583601536
-223.7452237581114 -4.842078669650919
-225.80636770871 -3.371668705221487
-227.86751165930866 -6.483113001678981
-229.92865560990734 -5.421777094202718
-231.98979956050596 -5.634096415148108
-234.0509435111046 -3.900667039404001
-236.11208746170323 -6.000611271259384
-238.17323141230187 -4.2253722828340345
-240.23437536290052 -4.229155407472056
-242.29551931349917 -3.6181040948349463
-244.3566632640978 -3.7143155785686175
-246.41780721469644 -5.601677384486293
-248.47895116529506 -4.380716871309645
-250.54009511589373 -3.922780638336593
-252.60123906649235 -4.981104672244585
-254.662383017091 -0.3334042372532322
-256.7235269676896 -5.512210403913606
-258.78467091828827 -3.804279556501177
-260.8458148688869 -3.926076313950306
