# BEGINHEADER
# This file contains data from the SALSA 2m radio telescope.
# DATE=2023-11-14T14:47:0018
# GLON and GLAT given in degrees
# GLON=24.677880321563663
# GLAT=0.20771694472753982
# DATA in two columns below. Col. 1 is velocity relative to LSR [km/s]. Col. 2 is uncalibrated antenna temperature [K].
# ENDHEADER
259.4723269821935 -2.942308250098338
257.41118303159493 -4.684306651223295
255.35003908099628 -4.12916831400171
253.28889513039763 -2.896583908792434
251.227751179799 -1.417622934845735
249.16660722920034 -3.8546679558273085
247.10546327860172 -2.4760726807102706
245.04431932800307 -2.5830275507240494
242.98317537740445 -1.6508262396624394
240.92203142680577 -1.5321101485241324
238.86088747620715 -2.6468103741205464
236.7997435256085 -2.446160322117491
234.73859957500986 -2.0918582729143176
232.6774556244112 -2.580608991865067
230.61631167381256 -3.426087443110381
228.55516772321394 -3.1605708016809726
226.4940237726153 -1.9900915629455078
224.43287982201667 -3.396781424315035
222.371735871418 -3.4335403199034764
220.31059192081938 -1.93778091651353
218.24944797022073 -2.1831772214322087
216.1883040196221 -3.1860834771596838
214.12716006902346 -1.908857613931706
212.0660161184248 -3.0177857890259303
210.00487216782616 -2.688064381152389
207.94372821722754 -2.6352161936440086
205.8825842666289 -2.14834725083667
203.82144031603028 -4.332207875947768
201.7602963654316 -4.321837242921485
199.69915241483298 -2.138732128568485
197.63800846423436 -2.4208696685665667
195.57686451363568 -2.408865611412739
193.51572056303706 -3.0666362805107257
191.45457661243842 -3.6165503566226667
189.3934326618398 -4.463286098145448
187.33228871124115 -4.150433568100432
185.2711447606425 -3.5743480217349153
183.21000081004385 -2.0982537369760483
181.14885685944523 -3.153001799064291
179.08771290884658 -4.517737931653212
177.02656895824796 -4.422377198783804
174.9654250076493 -3.2053806832946456
172.90428105705067 -5.095137308121184
170.84313710645202 -4.407551624200167
168.7819931558534 -4.1705652950088234
166.72084920525472 -4.491676993759944
164.6597052546561 -4.16710414746893
162.59856130405745 -5.604886400056875
160.53741735345884 -4.390434928099072
158.4762734028602 -4.97511601888727
156.4151294522615 -4.631494434618134
154.3539855016629 -3.0147225913374798
152.29284155106424 -4.431839994584604
150.23169760046562 -5.969482024611956
148.17055364986697 -4.407919263488284
146.10940969926833 -4.598560906080472
144.04826574866968 -5.5993421168364135
141.98712179807106 -4.052236401447316
139.9259778474724 -3.8214624099191816
137.86483389687376 -3.350865257236912
135.8036899462751 -3.963369940308193
133.7425459956765 -2.5131490856669316
131.68140204507785 -4.610810052504935
129.6202580944792 -3.9985384673323874
127.55911414388056 -1.6652289595054135
125.49797019328192 -1.1406880988984924
123.43682624268328 -1.94822249878312
121.37568229208465 -0.2448534607337822
119.314538341486 2.344469717250691
117.25339439088737 4.178903575747634
115.19225044028872 5.554272926871881
113.13110648969008 9.354086243355635
111.06996253909143 12.485132387145969
109.0088185884928 16.782725876175064
106.94767463789417 19.962897377633492
104.88653068729552 22.341853555273218
102.82538673669688 22.699529978111567
100.76424278609824 26.223071147270367
98.70309883549957 28.528579410166152
96.64195488490094 29.17891512824575
94.58081093430229 29.0866412357012
92.51966698370366 28.558471512240427
90.45852303310501 26.797933878983564
88.39737908250638 25.87375745240117
86.33623513190774 28.152575431372345
84.2750911813091 26.654464712069238
82.21394723071046 24.809734968914263
80.15280328011181 25.480248428833214
78.09165932951318 26.72086277548766
76.03051537891453 25.876543333148767
73.9693714283159 26.517760525921634
71.90822747771726 26.331431233735817
69.84708352711861 26.54026165404922
67.78593957651998 26.9536067841632
65.72479562592133 27.703342186534687
63.66365167532269 28.516802638305737
61.60250772472405 30.08809113054531
59.54136377412541 28.762814064481645
57.48021982352677 29.63532588350582
55.419075872928126 31.681613672489412
53.357931922329485 30.98050117922897
51.29678797173085 30.31163550197866
49.2356440211322 33.727017765910574
47.17450007053356 33.842278870269915
45.11335611993492 36.469622110218246
43.05221216933628 37.703167058983446
40.99106821873764 38.90726740665008
38.929924268139 40.38177139412976
36.86878031754036 37.10475046816244
34.80763636694172 40.974387807890665
32.74649241634308 40.88510228234196
30.685348465744436 41.30039689773126
28.624204515145795 42.49094024376152
26.563060564547154 46.10652591317323
24.501916613948513 50.77733471188662
22.440772663349872 56.75255547693852
20.379628712751234 60.80731391770117
18.318484762152593 61.20722131183056
16.25734081155395 60.88300618097027
14.19619686095531 59.01418397270935
12.13505291035667 57.8478415594342
10.073908959758027 55.46875291546916
8.012765009159388 52.259576365904266
5.951621058560747 54.37271889863339
3.890477107962106 60.92537621678793
1.8293331573634652 66.33832837557169
-0.23181079323517528 61.60281057230406
-2.2929547438338163 44.374806453090876
-4.354098694432457 28.122514656752966
-6.415242645031098 20.257459284781422
-8.476386595629737 18.326481959009243
-10.53753054622838 16.550834231682096
-12.59867449682702 15.485866544651582
-14.659818447425662 13.98598405157544
-16.7209623980243 15.614759577153038
-18.782106348622943 13.80132071536093
-20.84325029922158 13.162061607782281
-22.904394249820225 13.486693009691189
-24.965538200418866 14.83114273976073
-27.026682151017507 16.583979153719834
-29.087826101616145 18.106481864474244
-31.14897005221479 20.299607555226682
-33.21011400281343 20.14189160436442
-35.27125795341207 23.512608515922672
-37.33240190401071 20.7697096981326
-39.39354585460935 18.652886096683403
-41.45468980520799 16.69240800823501
-43.51583375580663 14.517222494690733
-45.576977706405266 12.440775669048115
-47.638121657003914 7.681568077996682
-49.699265607602555 2.9922106188414914
-51.7604095582012 0.3834576802470084
-53.82155350879984 -1.922594434700948
-55.88269745939848 -3.7505481128946707
-57.94384140999712 -4.216618839120577
-60.004985360595754 -6.386851283098357
-62.066129311194395 -7.165999992182859
-64.12727326179304 -7.674726879118642
-66.18841721239168 -7.168798624346636
-68.24956116299032 -6.623637531178291
-70.31070511358897 -7.382367441471346
-72.3718490641876 -6.131796439943114
-74.43299301478625 -6.227293230664865
-76.49413696538488 -6.673716562639345
-78.55528091598353 -8.258036745249436
-80.61642486658216 -6.912319613773567
-82.6775688171808 -7.297300544018275
-84.73871276777945 -7.981578110277929
-86.79985671837808 -7.7907863111860705
-88.86100066897673 -7.845318135951816
-90.92214461957536 -6.634393888623366
-92.983288570174 -5.539329104204063
-95.04443252077266 -7.275724371376599
-97.1055764713713 -5.322225855507167
-99.16672042196993 -6.91764557762133
-101.22786437256856 -7.098416407113932
-103.28900832316721 -6.642159900901596
-105.35015227376584 -8.422360503686317
-107.41129622436449 -8.048981660876938
-109.47244017496313 -7.509942364524037
-111.53358412556177 -6.3355514365543355
-113.59472807616041 -6.952734897412449
-115.65587202675904 -8.196323698153114
-117.71701597735769 -7.132746459779001
-119.77815992795632 -7.108678277941823
-121.83930387855497 -7.979625591445581
-123.9004478291536 -7.575307905951505
-125.96159177975225 -6.423822113659388
-128.0227357303509 -6.826820333665732
-130.08387968094954 -7.735067399547469
-132.14502363154816 -7.456009242302982
-134.20616758214683 -7.1082898137682315
-136.26731153274545 -6.6073310794063715
-138.3284554833441 -8.870337034473563
-140.38959943394272 -7.502450255825221
-142.45074338454137 -8.967280804806109
-144.51188733514002 -8.309685550134507
-146.57303128573867 -7.958984977576818
-148.63417523633728 -7.616509524668293
-150.69531918693593 -6.3729068047209605
-152.7564631375346 -5.329711175029067
-154.81760708813323 -7.34470919973901
-156.87875103873188 -6.408665397054066
-158.9398949893305 -7.957918730531472
-161.00103893992915 -6.878211620694495
-163.0621828905278 -5.366963820983447
-165.12332684112644 -5.528111764902336
-167.18447079172506 -7.048708849875313
-169.2456147423237 -7.723043234586845
-171.30675869292233 -5.819619928628305
-173.367902643521 -7.296242032097753
-175.42904659411963 -7.012574817675525
-177.49019054471827 -5.7049149840510935
-179.5513344953169 -5.0689318811293065
-181.61247844591557 -7.3905216993476985
-183.6736223965142 -5.773785035257466
-185.73476634711284 -7.652925134493984
-187.79591029771146 -6.153464277059009
-189.8570542483101 -5.165138666787762
-191.91819819890878 -7.916641438113271
-193.9793421495074 -7.105445924879836
-196.04048610010605 -5.3191925835663945
-198.10163005070467 -7.38100875735941
-200.16277400130335 -5.417672531703387
-202.22391795190197 -6.580511966982573
-204.28506190250064 -5.378117532247151
-206.34620585309926 -6.090648488189138
-208.4073498036979 -7.725996354576031
-210.46849375429653 -6.300617188648776
-212.52963770489518 -6.200694863254838
-214.59078165549383 -6.134918675597389
-216.65192560609248 -6.458371378611282
-218.7130695566911 -5.634633441920236
-220.77421350728974 -7.206432456603697
-222.8353574578884 -6.648330587630804
-224.89650140848704 -6.246295773781297
-226.95764535908566 -7.56786730081018
-229.0187893096843 -6.888738727588354
-231.07993326028296 -7.439284396014971
-233.1410772108816 -5.273293851469417
-235.20222116148025 -6.04246562223957
-237.26336511207887 -6.391126990917083
-239.32450906267752 -5.813050246088486
-241.38565301327614 -7.741396931128465
-243.44679696387482 -5.023689344494462
-245.50794091447344 -6.214707043938125
-247.56908486507209 -5.1364783347874745
-249.6302288156707 -5.833816688228574
-251.69137276626938 -5.681926838485469
-253.752516716868 -6.170056516640787
-255.81366066746665 -2.9194659930576226
-257.8748046180653 -5.680333133903132
-259.9359485686639 -4.973522678010646
-261.9970925192626 -3.903210428314518
-264.0582364698612 -5.142231118415415
-266.11938042045983 -4.539131438238925
